10000
5806
2798
4232
9960
1962
6003
2841
7781
668
55
8135
355
1716
5982
396
1456
789
8096
8165
3283
7323
282
7761
3519
2445
7767
5698
7606
9624
2960
7138
4033
5680
8367
9383
6205
186
5708
9485
2925
5153
5652
6147
9275
1259
2396
2705
5374
5690
2802
966
5414
1691
1057
5559
3880
3652
1758
4705
8258
7079
8950
6002
2144
5100
9412
775
7977
8548
2676
6200
9822
7739
2862
884
5335
4180
4314
907
3134
7501
2934
8151
5835
6403
6347
5837
4163
4608
4362
2850
6620
1843
2902
7780
3600
8466
3336
3236
726
6876
4609
5435
7172
600
3088
3768
5801
868
1621
2202
4395
9137
4737
542
353
6809
3109
1355
1025
8354
7779
1793
3233
7894
4322
530
8338
9212
5839
6410
6401
8004
3157
8196
6163
7697
179
7263
743
7896
2464
424
5450
7435
4589
8460
4513
4526
9031
2987
5460
6092
9566
2462
9082
5077
9795
386
370
1222
4253
5350
9153
5219
2412
6995
9214
7857
7733
6980
9000
6321
4995
3441
9888
159
5276
1272
327
5586
3779
7267
4826
8353
8260
4287
8611
3211
9220
4881
7799
7365
6515
6777
1752
4842
3308
3854
1549
4471
8701
3017
5754
5407
640
3895
5606
8782
5640
250
8863
5970
435
7660
4233
2723
7604
1213
748
8425
6443
6672
1324
8761
4132
2241
3593
3843
7502
2557
5024
612
4068
6718
9304
7838
3393
6041
9774
2099
6744
3065
5028
1831
8675
2878
3043
3589
7413
2446
8896
8343
6210
818
4849
820
2718
7300
197
8935
710
7712
1896
5287
8316
5999
8390
5467
6887
2714
1124
5686
9884
3353
8986
9713
5122
3107
9174
689
7633
9620
7673
1981
7572
367
5145
5331
8961
5282
1107
6234
3988
213
9481
3104
9106
1473
5274
4848
5551
5249
9339
942
9027
7345
872
7930
7391
8315
6311
85
8693
9912
8498
7728
3526
8734
8186
9636
7802
7195
7133
9908
6581
2935
3658
8788
4554
7160
1186
1629
38
3892
2813
1122
1171
4315
2146
7787
4988
365
8679
9874
4079
535
2384
5687
2171
5738
6035
4739
190
521
8345
7921
9714
6258
7882
1392
5003
2246
9762
4296
7522
7162
1584
7077
5691
6062
5925
6486
1039
9410
4569
6602
5426
1587
6508
4956
7476
7953
1711
6850
9787
711
4747
2239
1322
6530
2570
1326
6729
7917
8120
7370
1411
616
8889
5833
1277
9149
1252
3838
5645
9334
3564
3050
241
6078
5369
7978
8308
780
6335
2245
7885
2418
7876
2316
9862
7400
9678
9549
1372
6017
7804
6908
5523
5657
9269
2216
6456
1680
1265
5665
2834
486
5452
3036
5011
2957
4447
5751
1220
9518
760
2057
1279
6319
2927
2818
9535
4070
2990
5987
8016
480
9487
2926
2755
3081
3481
6483
8476
1508
9051
750
9882
7028
8133
2939
321
106
1230
2931
1108
8411
3245
7694
9967
2312
6695
638
8819
3740
5573
6879
5521
5506
7404
4477
3597
333
137
2933
8233
4926
7999
5664
3020
2235
567
2059
1194
464
5386
9766
1914
2366
6897
9622
9048
1263
1000
3606
6894
3514
5700
1371
525
6784
3000
9810
45
5087
4176
4342
3704
8002
7783
9995
7318
613
358
4990
5423
2024
1870
844
9659
4785
1481
8739
9684
7811
4801
8838
1379
4912
2738
1919
6117
5419
8024
761
644
405
7027
7346
2437
7670
9312
9286
6034
4262
6962
8132
1710
2976
2130
3120
9933
1170
9262
8721
2505
5054
763
4610
728
2646
6368
9783
8251
5126
888
7698
3213
8674
5399
7005
8242
3682
5151
3099
9045
2
5795
6279
983
6794
8784
475
1743
989
1581
4734
9752
6275
391
4355
8141
6338
7665
7058
315
4838
1451
1438
5211
4778
3158
7305
17
9355
6127
6886
5677
2319
7206
3673
5478
5144
4657
7398
4649
952
5576
1050
4407
4250
484
9130
2778
8702
3717
560
4489
7579
4071
2435
2252
1586
4855
8908
9598
882
4781
2555
7490
9270
9273
9522
2750
2280
9743
5304
2921
4374
7845
3610
1082
9009
8803
6267
9745
2210
5449
556
4437
2843
1344
8119
5349
6136
4625
375
9307
5255
963
1555
6462
3903
7022
7073
9302
3041
8123
8079
7529
9357
1415
9683
1484
5044
1034
8619
6756
4733
1289
8932
2737
8187
4222
3979
2747
9512
8364
6529
9180
2332
1037
5263
2776
8638
3024
2379
3184
7753
8441
2868
9428
6055
3299
7988
8617
3887
3084
1408
6474
7683
5391
2578
4145
4679
6051
8586
6473
3381
238
4771
4386
382
8325
1116
8412
196
1803
2757
9193
5547
5884
5814
3273
1789
8936
5311
3291
3964
7983
8954
5341
9617
6116
5852
3513
2234
8276
8833
5655
9173
8144
7992
3502
4522
6786
1726
1140
265
7023
2375
3197
9393
2735
6687
1740
5275
5165
5996
2291
3368
2258
1499
3901
5308
7637
1714
7916
6871
8067
2116
1150
9840
9494
5617
6238
8767
3520
2952
8980
9987
2954
8300
9864
7971
5178
4821
5939
5813
3201
1514
5039
5384
6938
8902
2393
2415
9505
7321
4466
4190
9812
5746
572
6063
6007
86
2484
7788
4297
2129
7524
5325
794
7481
1176
4272
3234
2936
4264
3649
7933
4239
8512
4527
8473
2122
5017
3540
4993
7057
4590
8169
2686
8408
9565
1462
807
3524
8883
850
3919
9646
6626
5505
9310
6094
9290
9530
2729
9671
7053
4184
9996
9507
5034
3162
2531
4273
1821
7622
852
9868
8769
6662
8529
2572
6424
3096
4391
9816
7213
4014
713
2564
8689
3161
9959
9380
3805
7609
7242
8517
4813
2895
184
7026
3300
2281
1701
1084
7456
621
3402
7441
5188
8636
4080
1966
2621
6758
2001
4768
7207
7157
9723
8726
44
7659
5589
8952
7396
4831
1309
2730
1182
9701
2439
3239
8284
5025
6762
4399
8116
1300
5912
3789
3077
7288
7564
254
5504
1706
8195
4416
1575
8730
5736
5220
6664
9068
1630
1633
7466
7955
9182
973
6745
1024
4730
9954
1853
1421
3941
5488
9897
1889
3025
6380
1994
5108
9842
2295
8219
6561
203
9804
5840
3932
2031
9524
6008
7581
7101
5771
6583
9650
8352
4914
9821
2680
6502
1446
1074
1628
9658
300
426
3095
3539
131
9252
2298
5156
437
4332
1718
6668
7580
402
8099
693
7091
5498
3551
296
5179
1880
8710
4393
8776
7362
2625
8591
569
3508
650
1301
3697
9950
3794
7592
9737
3267
4708
4255
7317
4643
845
6437
4641
7460
3437
6842
3842
3103
5695
1665
3480
3622
6984
5916
2563
1974
9603
8862
6559
6901
1634
7803
7462
9151
7515
6607
803
6449
2070
5143
3048
5848
4476
3504
8449
1237
6999
2287
5076
1857
466
328
8158
1733
9154
116
4383
9944
22
8676
9977
9597
3363
3869
9902
1244
3113
6580
815
335
5285
7675
2094
5724
5337
8514
6327
9169
5473
9876
7934
867
2137
91
2328
9846
5048
5268
3355
7246
2019
1925
512
4499
5556
6996
8074
1036
8131
8578
4049
6648
6186
6191
735
1311
9105
1808
565
3168
8694
9285
3399
8905
9227
7044
4455
3926
3470
1275
2349
2247
4284
5334
7736
3083
1717
3648
6832
641
6808
6704
456
6242
6039
1202
2819
2887
4379
8175
182
7817
7059
6320
3619
6947
2180
7990
1792
9739
7254
4672
8609
5463
6107
948
7527
5175
9448
6973
9720
4189
7841
7795
3454
9945
9138
1329
7720
9711
9934
7018
510
8073
676
3160
1864
2208
8463
5192
1678
3570
3376
6379
6342
7576
361
9913
9465
3744
2055
3609
7197
2635
8879
2708
1659
5524
6661
5858
7041
8137
8426
192
7166
4979
4741
1349
6134
7821
7944
9962
9777
5838
1784
7561
3957
8225
5901
6074
9504
2428
3797
2161
4680
1388
9698
6637
8713
6407
1760
8510
1120
5558
8575
7588
3749
5993
2071
976
2308
1439
7313
6493
4959
9246
6971
3738
733
2127
5876
4529
9289
4012
8539
8093
3285
6075
7264
5764
3786
381
9316
4110
7231
9455
8698
7721
984
1668
9171
3865
6957
6577
1201
5662
3584
5962
446
694
2609
101
607
2493
8521
7032
7443
9253
9574
5294
71
2958
1071
9056
8744
8515
5587
4228
7052
1804
7981
6124
911
5712
7311
5921
8951
3730
6170
444
7422
7624
8174
2923
6565
467
9219
1712
1512
5719
1115
3942
3487
2812
5749
253
5571
680
4942
9014
7297
2250
89
9753
3754
3767
9078
9222
2669
3762
8401
6538
4856
6222
6738
1382
5189
9991
3231
3874
6263
2833
943
5761
1996
8595
5792
5147
8780
1779
5049
4265
5347
3179
6056
6299
8869
5216
7386
8969
6364
294
6024
7105
3047
3191
7039
7704
4537
7176
1087
5023
1616
229
4908
1954
2687
2879
4996
9400
4225
5990
4663
7615
7831
7409
555
3111
9855
5206
9709
7075
1591
7314
1699
8792
916
8700
7453
570
4999
5765
2033
2363
6072
6992
113
9964
9425
5632
9133
6261
7431
4727
427
1376
6322
4042
5508
4721
5564
4542
1500
6226
7122
6969
322
9280
1110
6858
9254
1403
8359
2293
3152
3889
898
6048
9798
1101
7544
4112
1695
925
3338
534
7908
5675
7898
371
5436
4830
9274
7740
1184
6579
3872
1346
7402
1901
5245
1602
2565
1167
3555
6586
9590
6495
8633
7310
2261
6037
3817
7203
7689
5459
4271
7185
4369
9099
6572
5494
927
4266
1950
3278
8443
9837
5030
4586
9265
5479
1373
6383
2475
2679
8363
7938
4317
6066
4975
3268
2800
2516
6709
3263
8303
5572
4036
4898
595
3530
575
3733
6856
5131
4682
7903
7810
3533
3098
4350
99
8885
2773
9981
3425
5823
1951
3516
5105
5396
8125
2481
4639
3029
5448
4415
2307
4179
4538
6787
6688
6824
7269
1455
3315
4697
1969
9107
4684
7095
5434
8415
9941
3282
5905
2051
8921
4493
5774
2948
5495
8198
3923
9337
6563
2174
4452
3125
2793
3341
7009
6624
8335
6736
3413
1491
7143
6613
62
231
2193
7483
4483
1347
4833
3900
3007
8662
200
3771
3621
3322
8715
1127
4594
6951
2317
3802
602
5868
4149
2659
9430
8294
8632
7762
7411
7964
6724
8481
9500
2542
293
6900
2088
7711
1433
4458
7629
242
828
1556
8053
4517
3401
3718
7696
9712
6179
2782
791
4126
796
9347
9198
924
3713
2794
7928
7153
6208
8903
7088
9513
9060
3298
3695
6693
7800
7574
526
7718
4795
5601
7922
3612
9575
6416
3837
4398
7562
4540
2423
9547
4419
1741
8631
8197
9925
662
6448
5994
8583
3792
3573
1617
3807
94
930
6567
2358
5114
4178
4901
9497
7708
3836
8117
971
100
9866
3634
779
4878
669
3726
5624
7108
9118
9283
4621
1605
3969
6609
6727
4843
5376
4328
1069
855
7083
7923
4392
1533
1935
5894
8716
2740
8992
1469
9854
3447
7742
7014
9140
5190
5005
9641
3841
4077
906
8427
9971
6764
243
2214
7228
679
3177
3960
7438
7639
6869
1967
6675
18
7331
9514
4732
3626
6318
6828
9578
1657
1465
993
9797
4151
3082
4805
7692
6943
8910
1423
2577
2533
8727
7784
2511
7418
6398
3822
4349
7776
6045
1675
7338
4982
7149
9062
2073
2924
3222
8108
7287
6330
9384
8462
1400
4083
6929
5612
9952
7426
1907
2614
2993
1748
3672
5713
5403
9061
7986
991
7925
9706
9087
2355
6233
6070
1459
404
2529
449
4125
8946
4669
4701
4846
6475
5451
4274
1067
9335
7304
4906
2101
3611
1483
3001
8654
6264
1303
1642
1354
3346
2907
1235
5539
8830
8328
1187
4753
1377
6097
3287
8259
1653
5653
6536
9006
1956
1315
2465
5671
3248
6345
4646
4462
1832
4754
2367
9298
5082
2438
1656
2198
2013
4865
6123
6459
3876
5922
5314
7975
2719
2546
9997
6052
5037
9607
8939
5313
1444
6023
8058
7647
3723
8672
3715
9546
782
1003
4774
3462
9621
6847
6296
9570
9655
7593
6814
2029
3602
558
3552
3931
797
6830
7514
5016
3270
5
3917
3417
6307
2492
9053
2286
3479
3456
4302
9594
875
6174
281
6288
5535
6556
5358
2784
6098
6921
9161
707
7768
7
4041
3302
1337
7680
5125
208
4490
5703
3736
8746
9895
6308
5074
7703
9441
4980
937
2789
3665
5913
9256
3235
6810
9003
7227
9064
7320
5158
3063
5184
3301
6152
9733
2553
1858
960
5684
4664
1088
8361
1080
3868
1461
1450
4799
751
7025
3629
7163
9910
7428
509
1424
9158
341
3772
2011
1977
9725
1941
1369
2629
3646
5487
5222
605
2999
1063
860
3473
2998
5740
2691
5302
3433
9129
1608
5052
3863
2162
1207
221
7430
5442
7020
3439
7870
7155
3318
1588
7899
3599
3613
387
5942
4903
8584
587
566
3206
6362
5177
5182
3449
1488
1017
7249
6865
2567
9147
6215
2003
3952
9623
9916
4171
9792
8150
9875
7399
4857
5118
2390
8747
9043
8496
9717
4718
7100
7710
263
7186
1308
5956
8580
4955
3834
3886
1448
2780
8203
4152
1541
5841
4966
5548
40
721
8298
3059
7597
5009
3244
7611
7895
2478
1917
5918
1368
8050
8234
6726
3249
3254
3995
1126
2630
8907
359
4528
4599
5737
1573
979
685
8959
513
777
9124
975
2610
9992
7099
6593
32
8500
7373
6378
7496
9139
1874
996
6165
286
4772
7007
3061
2974
54
2109
309
8474
5400
2318
4224
2231
7749
4524
3319
598
7241
5663
1031
5137
6033
4601
6619
7525
1215
4556
9715
7042
2541
5585
1296
4629
9583
2615
953
5798
9338
9552
1331
6868
411
5490
9329
5236
3150
9686
8810
1563
5609
5776
1395
2972
1835
9880
5775
1077
6289
6773
2804
9847
108
5300
3796
9921
3690
1343
4113
8637
3126
239
77
8866
2838
2284
90
7230
8003
9073
6196
3987
4059
9890
2905
892
5860
3221
5301
2761
428
1246
1323
8157
6923
415
9818
6224
2126
2975
696
4958
4148
7424
3238
6357
7685
7884
9226
6833
5124
6293
9602
98
1530
6639
8278
2579
1776
4159
8981
8735
2969
2846
4811
7235
3734
5291
2772
9039
4638
8607
5306
1136
9191
6977
4765
9824
1475
7719
9613
606
8923
3965
2681
4430
8616
433
1816
3340
2065
4858
8159
3090
9892
2022
9354
6112
3218
1159
4338
6140
403
6818
843
881
3640
35
7727
5056
4760
9013
2278
552
889
4640
8706
7349
5339
8240
376
800
4295
4235
1083
4263
634
3080
7770
1339
7571
4156
1745
4053
7678
6875
2514
2259
1453
3582
1998
6783
9094
9066
8081
9649
8028
8516
7600
7072
7613
4618
3485
6110
546
7915
9668
2967
746
6470
3569
8241
4429
1911
2911
1348
4549
6844
6741
1723
1624
8054
3899
9986
6575
1313
657
4798
5903
7238
945
4938
6485
7335
4388
122
8751
9917
4185
6533
4900
4365
8505
2444
1436
1431
6712
1105
1610
4854
2082
9392
313
7691
3879
7488
9215
623
6635
3119
1692
1988
2988
9861
8847
5465
7651
5366
1770
839
1900
749
4723
7216
3521
4196
8877
7648
6236
9074
3701
7327
8555
3950
8021
6836
1650
2433
4832
817
2510
1417
7635
260
8274
1321
2592
9464
6641
2048
1597
5010
9628
6944
6590
3747
8585
2067
5443
2381
7354
3408
1902
6968
97
7111
42
4559
7374
2654
6249
853
7750
8564
5541
6203
6265
5693
4281
6628
3164
4236
9956
3929
6251
3959
5936
3358
4454
9922
3728
1420
2980
9501
4835
5825
7268
9473
6344
2560
7468
463
487
6435
6455
7371
499
5766
8970
3860
6190
9947
6838
61
6549
7439
8917
450
2963
9203
1899
2093
1892
9413
5162
7469
2177
8434
2417
6314
3815
1576
7299
528
283
9508
5244
149
5130
3686
7090
9152
5066
8456
5204
4553
7511
272
2640
7474
6231
6022
3137
3202
3835
9838
1268
2727
1414
8665
2081
4997
5580
631
2314
8227
6298
7137
3653
5092
7274
3384
4076
1509
2869
8023
6803
8947
2300
7034
6942
3763
289
3675
478
7655
277
3614
3664
1219
1178
6442
308
1577
7454
1128
3818
1865
8428
7995
7021
6372
8248
8020
3991
6780
2376
4746
3782
4572
7645
2238
1987
4671
3075
430
6540
8310
2692
8606
7127
5258
5742
8945
4257
9033
8743
5744
1487
1595
1041
5988
5312
9915
1980
4251
3543
7123
9775
3994
3778
302
6674
2466
6193
5931
297
8661
615
9559
821
3037
2989
3737
2600
2176
6409
6831
2017
9046
6252
732
3428
8828
3389
9100
7853
692
8795
1327
1318
1964
8090
6331
7309
73
4336
6681
5957
4306
5415
8121
4243
8926
3281
961
4736
1754
8804
586
4819
506
148
349
4614
3071
9421
4277
1855
9480
7967
5965
406
2432
6300
3023
7420
4984
4074
7961
4376
4619
4440
3739
1800
4511
1596
6634
2296
6390
2882
4808
5088
3904
8972
2848
7526
3898
6731
1241
4438
7092
3944
7211
9496
6514
949
9938
520
5217
1160
7722
400
6452
6706
7991
4402
4207
5480
5251
708
5329
7918
2164
9689
6466
7586
4134
4886
7830
5484
6989
6604
6271
9610
7478
3352
7962
5543
5119
5343
4751
8967
5842
5458
9800
2271
8386
8535
8000
3419
9619
5433
2534
2720
6983
2414
1052
165
305
4867
9405
7078
5116
2839
2497
3803
504
2279
9396
4658
4064
7913
4817
7914
941
7464
2603
5643
3066
2581
4268
8190
4637
5020
3882
6596
2207
5135
258
2118
7751
3849
1903
3003
7142
5891
9825
5499
3
6963
8066
227
8431
9433
9179
6513
3021
5482
6207
9019
1585
6141
2311
8458
5271
1623
9205
6599
413
6057
3188
8468
5567
7668
6953
6377
854
1829
1809
3101
7232
9900
140
247
8953
7250
9134
5820
9058
1332
1920
2885
6430
6202
6438
842
1387
6370
8892
6285
8224
8075
1655
3410
9208
6621
7926
2490
4418
3633
311
6229
6933
9573
4575
7520
6393
7479
6778
3977
153
1973
6825
5716
8247
2670
5966
4539
7004
3824
4763
8211
7507
8820
4884
1753
1131
2064
8307
8805
9579
2706
1032
2662
4260
6645
7963
9110
244
3011
1997
8994
8588
9662
5669
7583
9958
9796
2543
9764
8990
3040
9287
5444
3774
9918
5646
3607
6544
9406
2901
2981
443
1775
8731
4129
7932
80
3373
8138
9012
6369
2571
7098
8346
8765
8176
7836
2215
7741
7807
3783
2528
9461
571
1027
5787
5401
2643
3875
9585
7681
4823
627
8358
9
9853
8504
3700
8362
7094
4427
7863
8029
4707
972
909
9865
3060
5107
301
4883
2340
6220
5883
6605
7132
3541
1305
6385
7540
2010
4031
9206
4412
5340
2378
6994
5225
4691
4932
523
5897
8938
4888
6162
654
8077
8705
6988
7348
1601
9477
2602
3058
4561
5948
5934
3100
646
9435
1647
1422
8006
8692
2608
6246
5579
5637
8101
2909
9557
3261
4756
2828
4677
7878
5935
3370
9833
861
3378
4335
2269
4633
5608
4496
6371
6476
5159
5292
2937
1304
2120
2758
3196
5702
4635
4656
5651
1141
3118
2633
8538
1482
519
4918
614
465
6771
5381
8518
9258
1316
5650
5722
6902
6616
7154
2811
9352
7715
5831
1282
5278
8179
495
1523
245
5333
9326
1064
1847
1644
3296
3435
4439
4630
9502
5667
4507
5021
9779
8130
6016
9213
6427
5756
5880
8200
6651
6558
9845
1419
5811
3548
8319
2496
4406
923
1551
8615
1625
6826
9857
3303
6219
3709
2968
9437
2372
4860
5078
4073
3253
9973
1943
4552
4188
6227
4566
4
6510
7125
6310
8271
8909
2717
1307
4279
4651
389
5043
6670
7285
6337
4536
7383
5610
166
856
6187
5457
9088
3980
4128
9189
8657
1513
4518
9116
4144
3962
3852
5704
9975
5089
3087
8478
9172
4075
8671
4060
6617
9375
9293
8403
7672
3661
9877
3309
8071
3663
8339
8209
6131
9291
4345
8928
810
9606
7774
3027
878
3472
3335
482
6774
251
9978
1198
2904
3327
863
1391
3418
3014
3605
2004
7276
5995
3567
635
2341
915
4258
7458
374
9920
8035
9268
7690
8536
6144
8025
5055
7001
8695
2766
4432
920
9832
9982
9946
642
1557
4777
1673
216
9542
6108
2825
3532
2652
8822
9577
8406
9150
5581
7664
6807
4909
7695
6351
7275
4804
1661
2894
172
9600
9878
7943
5656
6286
5788
9011
2829
4661
3476
7199
1022
8042
1795
4964
4709
9970
8977
5040
3725
4231
1292
709
1750
4971
8493
6528
7301
7040
5626
1505
3354
2770
2690
6937
6747
7415
9128
832
3432
6839
3091
9471
6699
3785
9765
3186
1823
6680
9271
1968
9021
3816
4744
3518
6649
8507
1285
6827
7302
1269
2827
2538
8078
2005
4291
3446
5163
2483
3005
5659
9207
2539
8140
1593
5853
8327
5224
4508
4863
2359
1314
7891
808
5549
7951
3961
8802
2908
7261
9236
1862
5784
7686
6560
8397
8061
6991
3990
2092
9157
4724
7459
3806
826
3580
1001
1154
491
4497
8313
6656
1684
9427
7545
2775
420
8766
8688
1073
7109
5575
5330
6138
4449
7064
9156
2569
7182
8958
5536
2237
8888
9336
8966
3144
4722
3542
5972
7766
5172
8457
7174
3294
4247
4853
5002
5001
2337
1209
8832
2549
5318
1802
7646
5240
2429
772
8886
1148
8523
1763
7724
4344
4960
6142
6982
261
2711
8789
2454
2068
2108
4009
6348
6542
4413
362
1590
8815
2089
7265
4103
1810
3681
3070
1685
6159
6918
6979
9103
7110
5004
388
1271
8653
3414
9361
5865
3405
9754
6245
5998
7067
554
145
1627
1755
2584
3496
9486
9279
1526
339
4929
9439
9446
704
3741
8798
157
8348
6907
8558
7139
1118
2172
4020
3034
8644
401
8685
8957
5940
3915
7824
3493
757
4931
6119
6006
4921
9166
3562
2562
1957
1250
3195
5317
4101
2160
7495
2409
1995
8273
7587
2426
1545
3958
8942
2920
5959
7854
3914
9185
2135
4506
6283
9470
1340
104
3237
3219
9781
6598
5826
7375
8069
1766
7608
9596
8732
8663
4312
5917
1916
5779
9829
2416
8816
3753
9953
5952
8760
1670
4116
5503
3699
4095
5979
2566
5191
7756
5869
8915
758
75
5980
5309
2277
8424
8891
8479
8292
9466
7936
5501
2865
686
7631
7337
19
6244
5660
6422
7215
1871
7477
7465
3639
3720
8922
8796
8062
4451
3787
4764
8791
8787
3067
3409
1507
442
7033
317
320
8873
2470
9135
1480
4304
5681
1991
9506
9036
8214
4752
1156
5346
276
1592
8930
3169
3092
2914
3422
1546
9104
1912
1909
2457
4329
5709
3905
8126
6697
4480
8582
8263
8145
9002
7191
2283
3347
4063
1054
9929
756
5437
9592
5958
9741
7812
3431
8336
7517
4492
1012
7744
9417
8142
7682
4166
8634
6253
1055
1078
4174
4200
187
9931
9571
809
4605
9561
3801
8262
5320
2253
7814
8334
2870
9445
2880
1890
2832
5142
4574
6713
9097
6440
3764
1559
4114
6600
338
7351
3209
5256
8813
8450
3398
4810
4290
7031
4347
1264
3826
1519
6168
904
5864
1112
7165
2959
5542
2790
1261
759
4758
3776
931
4204
6262
7912
5344
8859
8668
5969
4201
7061
7516
1982
6212
9232
5591
3608
270
1358
7229
2260
9851
8124
246
3505
5150
324
9517
6961
8380
4694
2404
1014
1886
3290
7296
4500
8489
4091
2266
9811
1058
5557
9643
5604
6948
7886
177
1952
3893
1822
8697
7234
9037
6785
1606
8532
1242
9685
7382
9852
2035
590
6679
135
3148
5873
5389
4278
6910
5351
5354
2388
9988
5885
2407
8979
8143
7410
9098
2763
8331
561
3382
5169
4839
7952
1062
9196
1402
7112
8881
5964
1958
52
9454
5821
6105
9906
10
9085
3403
473
9322
4208
6297
2495
9609
6642
4165
7746
573
730
5104
8870
154
5911
2971
1664
7757
4675
9475
4320
8513
8491
2052
6725
6748
3732
133
2290
5161
7233
517
7421
684
9848
8432
5284
7532
8753
1020
5611
7705
7212
262
6805
4198
4780
770
1883
1525
1306
5909
4433
1536
5447
6169
6895
8477
6976
5615
8737
220
7050
9040
2707
310
9444
5685
2141
7069
5753
5360
3930
6701
1949
5997
3226
7189
8394
9216
8037
4827
3963
7693
3971
2061
4467
1703
2112
562
2644
3010
4377
3583
1498
5974
5711
2910
6776
273
5710
5405
2044
2322
4688
2502
3486
9989
1786
8109
4585
5881
4046
8041
4531
215
2289
9963
2014
332
11
6610
8235
4562
6509
619
5098
3823
6158
7364
6822
5293
7471
360
7634
3812
6068
431
9687
6118
2069
5257
5305
1281
7248
8320
895
1747
7654
7401
5404
3523
2537
230
2154
9295
9235
6336
3910
1165
3392
9626
9126
9368
9819
418
2053
7093
5786
6898
7734
2365
5514
8189
3139
8549
8128
6926
4790
357
9515
718
683
7828
8572
7907
7549
9449
2463
9121
3271
9369
4434
9429
6931
6622
666
3166
2188
7271
8801
3844
9404
4316
2043
9059
3192
9793
8191
7251
1390
9828
7324
3295
3956
2220
2721
2523
8901
7663
8707
6990
1730
9420
9072
6735
9998
8647
503
3902
2395
1948
4170
4173
1645
7716
5679
5322
8103
4210
174
7846
4130
142
377
4435
6426
1006
9186
2413
5174
5014
8649
4482
1773
6375
1888
6793
8391
1278
609
4396
4138
1744
6950
8658
4360
3467
8393
5633
1927
7369
7463
4872
6102
811
2544
7642
8530
5732
9458
4414
4150
8771
7859
6325
8893
6230
8007
9123
1245
9315
1700
1234
5502
8499
7528
8763
105
8375
9955
9759
2831
4123
5878
5280
7792
6025
3240
6250
5668
1719
4057
3549
2440
7432
3829
342
7445
7290
9159
8034
1738
8064
1432
5492
788
1978
6361
6326
8266
4245
9849
4567
3907
3928
639
7049
5050
4505
3651
7725
3827
5926
2223
1626
4227
4175
5194
1370
610
5209
1583
4543
1796
168
7341
5015
9529
4108
6199
3885
2568
1841
4008
4892
6582
4102
690
2007
7535
776
290
2535
7473
3729
392
2801
3839
2459
3377
3617
899
5847
9726
5812
1866
1416
3659
8296
958
2342
8614
4606
2034
7336
5568
9165
7106
926
3680
1298
9516
1179
2152
1540
7554
4372
9267
1771
8711
8490
5552
6843
7505
169
3927
3124
4716
60
9979
2370
6611
4692
3266
9101
2427
2480
6998
6490
4199
3494
29
4015
5946
1924
8920
8372
7974
1351
6885
742
233
1734
161
9240
6109
2699
6257
5752
755
2075
3921
4389
5234
1999
6740
3499
7508
9344
7316
4812
5296
6975
9244
4882
3848
5950
608
7183
2612
3708
5226
9939
1319
2326
3544
5745
833
4005
5323
3873
1224
1638
5855
745
7994
9424
5138
8781
9705
8594
774
6050
3429
4899
7208
5421
9940
8666
476
8831
3934
4616
2642
1739
4667
3558
9015
6890
5097
5430
5237
8544
1181
1248
6081
5456
4596
524
5297
7475
9362
9385
2837
6287
9616
9127
1485
7789
5486
591
5721
3490
5735
9055
9961
722
985
3138
2624
4479
9576
5248
7820
8485
3379
4448
5086
3172
2339
1486
2348
5080
8848
5955
7193
7291
9503
5644
5822
7827
7446
2139
6180
8280
4840
1232
5146
8301
6104
3423
2042
7356
7107
3620
183
6317
8786
5570
2628
5472
5743
9372
2522
5554
7492
3159
1496
6139
170
4256
3918
841
1166
194
6618
589
9225
7377
1806
1688
5210
938
34
3004
7530
5265
5584
7240
5168
2255
6516
2229
7972
8567
4584
4026
2884
9562
5133
2192
3531
8366
1233
7566
3426
2361
1117
3565
4411
3386
3638
1048
4989
9532
222
3366
7620
6792
9983
9242
156
5000
2212
5673
6091
9395
7590
6547
2733
8475
8733
3280
8454
2040
8925
1547
6046
347
1580
7065
8166
4668
2190
1476
8136
6206
407
5985
2648
6421
6209
155
6909
2226
8550
4021
8082
5402
6640
5953
9391
7706
2343
3509
6765
9889
4887
4761
9111
8794
6606
2703
2783
8439
3086
1824
959
129
3214
8255
8719
7135
4177
2808
5230
6837
2124
5393
5794
894
5532
5707
3594
2087
632
6388
2434
1807
4628
3019
9519
204
3016
4457
3330
8684
8642
5623
4023
8226
96
2482
9160
2791
8055
5109
2382
1394
2877
7552
8210
4226
152
6237
462
9248
3255
2334
304
3968
3478
7548
3360
9677
6280
1615
706
4182
6924
8469
2953
4351
9484
6096
2299
5353
5592
9442
3935
8978
5455
980
4981
4285
8835
4011
8344
3463
2323
3946
5895
2442
9999
163
9758
4666
5861
6506
7892
5515
8270
8182
5035
4626
4343
1579
8008
2519
6954
2795
7019
5565
479
4423
3203
3769
8897
8447
3323
7565
5154
237
4018
7068
3678
5647
8841
7245
6352
7167
1882
6040
9748
202
6801
8409
837
2187
967
6503
6804
7976
838
8960
4357
1111
4789
422
2486
7702
944
4025
6334
9163
2886
1812
4237
3045
2275
9453
8171
4192
4246
6302
2251
2476
1979
784
1562
3780
9381
2078
7225
4300
8461
7482
4791
670
1227
6587
8800
1814
9390
3241
2399
1095
7080
3173
1928
9204
1130
2930
9898
7699
992
7931
7282
9034
4571
1223
9581
2149
5804
1172
1539
8107
2977
2450
4292
1474
7605
158
5544
7270
3525
7872
5757
5462
1367
7326
1102
5658
4135
4970
7816
1396
4815
8231
6631
965
1005
2006
6133
6054
4229
1607
8297
3385
3457
7684
740
5431
2575
3924
5960
6333
6042
2469
4563
2547
2994
1211
9493
9553
939
3339
4577
3676
2824
4337
6972
7118
663
5635
7147
6501
3055
9803
4547
8148
1817
7190
8680
2151
3436
429
3182
7379
5938
8388
2499
2263
9568
1953
7389
674
678
6595
5127
8445
8857
2897
1196
8590
9025
1635
5908
8038
9635
4673
8894
9143
8379
5992
8383
7616
6471
58
9081
3163
3890
9301
4022
964
4330
9727
5491
9887
16
2166
8699
2142
5193
8773
5512
8592
8570
4086
7455
7393
378
3032
919
460
1535
4261
8545
9692
134
9691
8252
72
171
4523
8382
6114
3269
2587
8971
6657
5649
2098
3813
9742
205
4967
5497
768
5071
3939
4341
7485
3683
6576
1257
7284
7900
903
2946
4186
7294
2100
6256
4404
1704
5440
4755
8912
7732
27
3759
5099
249
2797
6928
6178
661
4087
846
4652
6036
7773
3351
1236
5597
7737
8778
4504
9927
6614
7829
3587
981
6019
4876
1053
6478
1854
4486
51
5281
421
2627
1619
3362
9356
3097
5242
9654
7175
8398
3669
8976
6666
3810
4168
5618
4327
47
3140
2915
390
737
6574
7626
4824
1243
8373
5388
7043
2745
6892
8192
8797
7865
1842
8005
6615
1884
4968
9533
9751
9288
8579
1495
1972
9569
6715
6658
1554
3689
7553
6343
7126
1946
2903
1990
1961
344
2781
6009
8342
9284
5545
5215
508
8610
6916
3387
2653
7178
6630
3492
5397
5058
9815
3216
9760
7161
9299
7759
1464
4612
545
4591
6676
6816
8659
7146
6255
6103
7785
1144
1470
7625
7559
4546
4032
4211
5770
1930
7461
9251
8299
4161
9170
9483
1942
6684
1725
6093
6965
117
8565
3256
5598
7407
5747
5121
1639
5481
5705
3469
5036
7278
6454
8556
8861
3616
1830
2741
8793
2170
8770
2667
5464
6339
4836
6518
2140
928
3052
5477
1813
4897
2589
8423
5728
2232
4947
9735
4740
8113
3465
4769
8039
9700
380
7798
5470
2520
6864
1713
553
9297
5639
658
7602
2183
4946
997
9184
9666
5160
7941
6404
5031
5533
4889
9582
434
8768
584
801
5247
6439
1158
43
9850
3293
2611
3342
5924
2517
4082
2518
2313
1273
173
1772
4007
7140
4047
3679
8652
7196
7881
1798
9924
2145
720
9092
1667
109
6086
5373
7152
7534
8459
4212
1838
4426
5730
1637
9631
5720
2373
2487
8046
8531
5971
2397
9005
653
8811
7598
4632
9693
9136
9881
8708
8899
2983
6633
4645
3858
8542
5977
459
5203
5983
451
1761
9038
2186
6496
1457
2236
93
1398
9834
2419
7856
1274
5871
144
4550
9408
9197
4216
6936
2501
5269
7939
1782
8356
189
8106
3276
6028
7919
3337
8052
9345
8540
8741
4120
656
7541
4422
4773
2863
8865
914
8774
6638
5562
3171
3108
766
3560
8875
3396
8068
8253
4097
4017
235
1359
1028
4305
9588
1599
5781
2900
8618
6845
3361
1731
7060
9690
5697
5012
2472
4748
8823
4089
6489
5377
8422
7911
501
127
8188
5599
4069
2045
6149
5083
9431
2580
539
7344
3106
8809
8525
9644
6708
5356
6520
2008
2875
1119
4105
5593
7295
9660
9102
7328
1350
2851
9719
6521
8047
7202
6851
7709
3289
9492
3491
7864
4973
5398
3009
8246
9750
6166
2847
6955
1986
3925
862
6295
2302
4252
2331
7298
4862
8757
6504
7493
8323
8228
1764
2468
578
6058
8337
6204
9756
5768
3596
3208
4704
126
9358
470
866
1002
3856
4662
3804
6986
8975
6419
2117
9071
5485
7486
4501
1932
6201
645
266
4409
7862
5008
8651
176
8220
3028
3814
8194
3074
1086
9325
2282
3666
2062
6789
1769
1380
533
7436
6247
2431
4603
255
3566
2336
769
1570
4072
9211
9080
329
3073
4597
622
1267
2995
1043
6067
9306
3006
9589
2688
9346
6073
8996
1325
978
7959
6873
790
9228
1543
2527
891
4953
5064
4039
4062
6911
8436
1447
9595
8937
5727
7688
6374
2955
9238
3112
7970
6115
3870
741
5307
9394
4282
2836
4121
9640
857
8775
2696
5630
7842
6468
1218
5290
9377
9463
7984
6543
7920
7339
1751
2217
4793
7937
471
7035
1652
3136
8884
368
3174
4230
6612
5483
4907
3590
995
4172
2649
5007
3471
1939
2230
1434
5352
2919
7333
3359
3976
6415
7966
9476
7738
1477
6232
4019
4234
2788
2661
2638
6221
7308
7293
7835
9418
5429
4720
4911
87
5141
8612
4779
8933
8641
2076
9239
2768
719
9932
3966
1910
3243
6685
935
4952
4127
8956
8487
4183
9434
5683
7260
6557
6223
3331
1385
2970
2096
7010
13
8777
4472
5621
7850
7037
6855
7219
9782
507
3320
5527
593
7159
4401
9841
871
1643
4405
7363
8858
9426
7815
292
6573
1021
9985
9548
5432
633
4868
4203
7277
4002
6939
3911
6360
9550
2218
2292
1620
8309
7801
3643
4137
848
8557
3894
7096
6394
1955
2912
2700
7717
6660
5106
7610
4153
1707
4333
4950
9572
3618
4187
1694
4147
1861
3497
1251
1364
1895
4030
908
4896
4802
3151
6791
9930
4565
4378
3258
8268
5345
5469
6324
2219
8724
5537
9276
2805
8669
3207
3022
6891
7384
6373
7614
7205
188
8561
2663
2810
330
4700
5805
5607
8682
6080
5197
3978
4160
712
9786
8842
3147
4685
2131
9903
6570
781
8528
2817
2436
7184
3510
6970
3947
5185
162
9584
7054
4962
977
1360
2479
5239
7950
385
8506
4595
3943
4985
1240
9839
138
4650
812
1177
9175
8876
2305
414
1651
2356
3198
9229
9308
8326
3896
2594
2698
9084
1284
3044
1204
9634
8365
6812
2739
8446
6985
3488
6386
4445
1129
4267
9120
1778
6880
6846
6447
8304
3746
9490
1430
5207
5642
6291
9718
7595
9664
8488
7713
1960
1426
417
3998
3777
1970
5773
2855
6752
9416
4974
7584
9688
1068
8790
4487
234
8541
7312
3517
8083
840
2940
7745
3046
6197
7883
1191
2899
1762
2945
5212
151
1572
8340
5914
4498
3556
2357
7980
6689
5892
8983
6399
5862
7531
4509
3561
4711
2155
2997
7546
5196
5286
6769
5208
2037
8934
8232
7591
2443
2656
1729
4410
804
873
6834
9520
3936
8471
9601
4875
6883
4115
3878
6461
4425
3677
1984
2477
1345
5531
326
9984
1056
9648
2777
8677
3970
1940
7119
9007
3228
7273
7875
1397
9183
6482
9642
6772
2050
2826
5733
1478
3650
67
8084
7504
1697
5231
9827
4564
7388
7714
3357
2354
3068
9694
8368
9788
2036
4381
934
987
5424
9544
9187
9761
9951
4717
6354
3018
2272
3581
764
9305
5062
5090
1121
3128
3628
5387
7649
4375
76
1923
2327
6512
6188
1100
3630
814
2360
4696
2637
3225
2861
2639
6872
218
3421
9738
8486
6266
1290
3527
9722
5717
2695
7210
5963
8112
4895
2986
3002
4048
2197
6491
2204
8070
3714
7156
8238
8178
8587
4494
9017
7130
3116
8451
876
1287
5706
307
7177
9591
6686
5830
4580
8844
3374
4352
7589
4998
6099
705
7765
3845
2821
8288
2026
7046
3722
3498
8878
2866
2548
1410
1188
5065
9054
1295
2746
8898
5898
4028
4390
9443
1603
2158
8752
5468
9695
8094
1567
1538
267
7423
8440
3571
2030
8239
298
8049
2956
8914
5241
9799
5800
2830
9089
8193
2650
30
6069
4678
3568
4859
3716
2288
9223
752
3129
7451
139
5411
8065
9224
4484
687
8639
1669
4044
6698
8843
8010
3576
7307
3850
4117
8030
5214
682
5577
5560
379
3181
4356
6796
1404
8312
7457
4417
5140
4936
2191
8968
1365
7533
6020
3748
9319
5634
5762
2306
9482
6472
8269
3350
3130
3758
1936
1989
8092
2979
5221
4158
6294
2257
5085
6993
7499
673
2672
4611
1016
8646
3304
1983
4286
795
6185
5152
6497
6014
5475
1781
3390
1568
340
9540
1374
7114
6820
652
3799
3093
3142
8245
5851
8965
9703
9551
8740
1330
3940
92
8526
3187
193
4922
9885
4945
6500
2583
1155
8027
4976
7258
913
3324
8537
7628
82
8347
4749
8104
3026
5474
2620
6005
2473
5819
7500
5989
5365
8599
3800
4515
1018
583
7491
8329
8134
7360
8385
1945
1195
6721
1528
5277
9349
9734
3983
5845
2673
3635
4154
2325
5849
4784
20
291
8640
5530
5628
3912
7902
2550
7017
212
1827
3579
5029
3992
8867
49
398
2796
8772
1109
7342
1527
8360
6915
7048
4534
103
3455
2195
4037
8962
4385
7408
5863
830
3165
5734
4841
6584
7763
9949
4214
8824
6015
8199
626
9538
736
3229
516
5170
1759
4710
2893
8230
8916
2485
9192
8032
2618
4213
518
3538
1612
5694
2103
5928
7550
3317
2458
5616
5428
500
4568
164
8552
3190
5929
7687
7168
2398
5262
2389
3204
4050
8720
7557
5383
6920
7585
8085
5678
3054
1113
624
4016
2132
4961
9537
8152
5986
2268
3468
1336
3853
792
5718
6532
9024
6076
199
8229
8887
8281
7134
3069
1428
2488
887
9886
7989
7113
816
2984
2169
2221
5509
3662
225
8418
8600
6432
5110
1683
7947
9469
9079
7129
7818
8650
1613
3585
8890
8089
6677
490
4223
7861
5476
831
440
3684
7772
3867
601
7942
9109
8856
15
2871
1819
1574
6867
7731
1093
7808
9241
6531
2175
3955
4066
5123
2405
3938
773
9801
4307
1173
5520
6566
219
2617
8482
3167
2526
2591
630
9724
577
1679
7071
3333
1097
1051
5927
3038
1070
6592
5348
6917
9330
5195
9901
3908
5676
2128
3230
7171
5857
9657
3586
5566
9328
498
8738
3217
2842
3972
7016
2091
3311
1672
8629
9374
2689
6912
4146
5803
4924
6743
9341
5622
6806
8405
5553
9467
5932
9376
2489
79
8026
5859
8750
1293
5378
3536
8808
8533
9697
8153
5976
373
2928
9108
5561
5739
5872
6276
7359
6696
9042
1060
4061
6877
3380
4408
3871
7169
734
9555
5818
2345
8290
6243
9237
9450
5246
2353
9907
7658
8681
5793
5750
6854
2973
5636
7024
8236
125
8985
1427
8275
1564
7121
9632
1225
851
2474
1560
2754
7563
5836
8864
1805
548
2521
537
502
7743
4725
8728
3031
8690
3105
885
8678
4280
7657
5254
8399
1320
6481
4465
2148
7825
6436
5416
1846
1035
7543
483
7102
4001
910
695
8012
4035
6899
1975
6458
1255
2965
8850
2320
9744
8754
4464
9387
9757
2722
1221
8703
8183
7858
8167
9563
9773
9528
3262
6903
4803
6248
3575
2301
4703
3329
9167
4604
879
7192
236
8988
3310
4013
6189
5441
3712
6797
2742
3574
4852
9247
7366
9809
1915
8543
594
6402
2807
7329
3356
2512
5949
3452
7467
7760
3416
2321
9451
5120
4309
6717
6434
5095
4583
6589
7848
6849
6160
597
5767
681
6167
778
874
6927
9980
1851
9612
6120
1611
4054
7927
9010
9509
1985
8033
7570
5760
8623
5726
1893
9327
9112
7813
3975
1531
9976
7239
5316
3559
7350
1440
6569
5041
7353
8102
5991
343
1537
9769
8349
5827
4442
858
8821
1352
4052
2309
41
648
3411
9972
6553
8621
1856
4324
7636
6564
2047
3500
9321
5128
7910
6477
5563
538
3698
6960
5363
691
672
9843
2508
5406
2240
9488
2205
9729
8573
6914
2816
9968
6182
323
4965
7253
8376
6904
5886
8519
9266
859
24
8429
8581
4994
6241
4334
9132
8417
5778
6259
6527
2530
9065
3577
7449
5791
8589
4473
896
8088
6411
2085
2582
384
9070
6494
723
8940
5904
9652
102
8181
7074
3033
5796
9018
7509
4533
5321
7144
1193
4420
6795
5117
5915
5816
3274
9008
2655
9676
5385
4925
604
7849
6761
8522
5235
4935
3117
7124
423
3013
2371
7029
4728
4850
9942
6464
4905
1845
369
2000
6027
9587
4081
5930
3375
3604
4195
3974
886
5367
2254
6087
2107
4400
2815
461
4602
6716
7661
9300
70
4331
8357
1797
419
7790
4370
2684
675
3482
4738
9353
2641
3451
4762
7173
6523
2211
3247
5319
823
783
5790
175
50
8635
3193
1090
5173
6467
5625
2786
9117
7279
1959
5328
1671
1098
5164
6213
4242
8913
314
3440
6545
6469
8839
7619
8643
8758
7281
6710
7343
9896
4775
5223
580
2452
7667
2657
3913
4712
6428
7045
5519
8289
9966
4043
731
7097
647
2448
31
4361
8941
7701
2929
9926
2675
4474
649
1520
5338
8333
7434
4238
3687
7946
5889
6739
7874
4298
206
2383
5758
3636
8155
7257
3400
7880
2201
8011
8254
1550
9125
1378
7805
5243
1174
688
1085
4303
7979
4221
3981
3859
9873
9681
6511
4348
9638
1757
1362
9331
8056
4653
4783
4874
5267
7998
6862
3220
7887
7582
5096
7084
6013
1646
325
2163
5060
8511
5046
3391
485
6273
2133
3079
4634
3984
1801
4313
3442
7997
4607
2647
1026
9808
7358
1356
5359
7666
7063
316
8742
1492
279
3711
3627
7973
9049
3460
5375
25
3321
4766
3986
6414
7489
8306
167
7777
4794
7791
252
1897
5759
3846
9637
8837
8218
4919
1334
6079
6754
6742
8419
9702
271
8551
5777
8559
7200
9789
617
4689
3724
727
2864
6053
7484
9539
9909
847
5887
1696
6707
6418
767
7573
6453
9332
9077
8495
6881
936
1875
8895
3288
5420
4943
3489
1138
118
9627
2874
4092
4424
6281
285
2471
6309
4218
9016
1721
7283
9001
393
1542
9479
5327
8414
9004
4249
9114
8806
7036
3215
1460
6941
877
9495
4644
8882
9478
4809
6608
2858
6195
2304
8825
643
6150
1139
9802
1079
6811
3307
8129
8163
6183
2785
1493
9348
7551
5832
1746
7735
6522
2759
2872
5227
2058
2194
8317
1407
5454
9260
2736
4617
240
9523
6061
2509
5638
3406
5418
3798
9558
2551
5808
8350
2179
8598
5538
9162
8714
1015
3883
6759
3246
9122
5167
511
9905
2461
5112
1007
5063
3057
8257
9859
6000
9708
1066
902
9022
6878
8015
8527
3645
6130
7330
110
3656
4339
1168
6479
8244
2619
7082
1280
1092
3888
697
9210
2947
8243
4027
954
4588
4623
2264
2086
5132
9675
547
1836
3371
2392
2123
7993
6798
2049
4923
5602
6026
7906
3953
8624
4951
2147
5920
5213
3343
8628
6406
6728
1038
2315
8261
4485
2860
9790
1353
6958
1578
9217
9791
1479
6349
665
9661
1859
5525
1569
6959
8900
1151
84
8110
5070
3781
2545
383
8571
7806
7656
5867
9755
2734
1869
9178
7769
4040
275
6065
5059
9826
4503
2351
7640
1727
4890
5094
9728
1180
4093
2867
9115
6272
3212
9364
6949
5978
6550
2631
6571
1175
9176
2104
7224
6746
4366
2498
6896
7015
5583
3314
2982
9608
9491
9499
5295
7089
3545
9904
4767
6155
9142
1190
3775
1517
6071
5870
4873
7969
9303
3897
3430
4006
6940
2767
1534
6425
1231
2369
4394
8911
8998
4371
1214
7158
6451
6146
7259
1081
5361
457
1114
7427
395
4796
3495
7244
9511
3615
5115
7674
318
3448
6906
585
636
5882
3601
33
1765
2391
2906
6084
7568
527
541
4301
6363
6306
4157
9148
8404
4478
7419
3641
2097
3328
2985
6723
7987
8180
8435
1566
7081
1501
2803
2364
9763
5298
123
1690
1777
5413
6671
4686
5846
982
7890
864
8524
4939
5973
8696
354
7115
6090
3277
9817
3644
6597
2276
74
9614
8407
48
9311
1297
7417
5336
6274
4894
8785
5856
1868
4726
4318
6498
452
6711
2113
6154
8620
7038
2943
9780
9365
3094
6356
7243
2447
3121
9030
3833
9333
9651
4038
9093
2849
4759
364
3153
6095
4456
7506
3761
9447
6981
5176
7141
529
5186
4927
7839
2664
3819
1399
9168
1143
8918
1737
4323
5629
345
4814
130
9230
3790
3985
2041
7145
5253
9035
4167
1663
7222
2244
1185
59
4891
2344
9891
9835
1632
5218
1609
1834
3149
559
6568
5688
3477
3312
9309
921
1413
6629
5899
455
9869
5802
9029
8185
5954
7131
1898
3745
6603
2403
8602
6882
865
3332
9397
257
1299
4818
531
3691
588
974
4384
8279
6683
2083
6260
4937
9272
4587
9360
2938
9510
5042
1820
5590
9863
1571
6225
7452
4541
3862
3784
9647
4920
7381
7433
2422
9914
6652
798
6176
5748
5422
6646
248
2400
4254
3146
1266
7599
8444
6445
5260
9221
8370
9534
4687
1283
6011
4240
53
28
9749
88
8377
8249
3547
278
7003
8718
481
5910
5815
2774
6047
6240
7832
3861
4555
3951
3884
3820
4576
3727
2189
6551
1839
6488
7252
7643
7392
8250
8868
5103
9710
2111
1009
9860
4088
5900
274
9667
494
6450
9145
9292
8351
7632
7794
4299
3259
4579
6161
835
8127
3223
6714
7752
5283
9894
2942
1641
7618
6659
2883
4879
3657
8991
5394
7935
4655
3743
8799
5945
346
2157
6964
4622
9278
4816
7726
8122
1228
7286
312
7070
9543
8060
1589
834
7669
5906
3832
4941
4056
9767
4403
1226
6085
2025
9823
6519
7368
2598
8852
8051
8874
4463
3685
3592
699
8305
8604
9282
8076
8168
677
4992
2873
7679
5496
6667
3251
3297
3367
6623
6153
4104
3305
3394
7630
5053
6030
256
3404
2552
9564
7968
8509
9785
1061
1872
8818
2265
4502
6111
6012
439
6594
9146
9351
3668
3795
2613
8161
3811
4702
5139
9830
6690
8330
9704
2294
8453
3224
6292
1561
9836
1145
3264
1742
1489
7497
2658
337
1445
1449
9086
2702
5382
7560
8931
9371
7209
4548
64
6328
1529
8484
8265
869
599
7860
739
8410
4142
7644
6925
4202
3671
6413
2536
8880
1312
9919
7671
6751
4648
715
3326
1059
2616
4893
6956
7809
1019
9261
4241
4197
4308
3369
3529
8871
8040
4654
3693
2835
2715
2585
8725
3145
4003
5666
4631
4215
3313
8400
5171
5975
2845
2674
3831
5789
3464
962
4346
4219
7653
9277
1873
6719
4558
26
6484
4620
890
5370
7117
81
4353
9696
968
8287
4310
3475
6194
4380
6001
5303
7056
9618
9556
7332
6654
6417
1375
7047
1406
3692
1976
747
3056
3550
2080
107
4096
805
8973
5569
6905
9604
8630
9673
932
8626
4902
7151
3623
3279
6038
1904
4940
7778
2853
9317
1720
4864
5627
3420
765
37
819
4729
3483
5829
9679
6525
3252
2876
201
9422
3015
448
8430
917
1106
1825
2753
68
2333
9414
9202
4829
3503
5018
6788
9872
3042
1463
1852
6517
259
8729
9993
7539
1384
4340
4807
5907
5252
3383
7412
7707
957
6552
724
4387
1333
6433
7472
6332
3122
9026
6768
1640
7214
1291
3578
1341
1437
5529
3967
5866
8560
5797
6555
7901
1944
7786
6974
2660
1029
6757
3461
603
6835
4743
2228
5596
8072
1208
4099
7758
2494
4582
5772
7120
8421
9521
725
6284
2559
5084
9948
5273
7852
2597
3176
8272
563
4205
7425
2453
870
2222
7700
8995
4570
3760
3507
1503
4293
5357
2066
918
4806
1072
8369
9403
8829
4715
1732
9438
9359
8605
3388
295
2184
2701
5896
3828
8097
6043
7450
1103
6632
1992
1412
4131
1532
8036
6919
6935
6173
4220
6032
8311
762
1722
4954
3053
5181
8987
2411
1908
4674
2671
6400
7847
3993
2762
543
1922
1963
4431
716
9771
269
1030
3591
8147
5648
744
660
4847
8341
667
2178
9653
8014
1192
6861
5057
6164
579
5461
4573
1677
4162
111
3344
1429
8213
4276
618
3598
5471
6932
6277
3030
536
8283
5013
6779
8553
947
5180
57
5072
2898
9342
2242
5228
334
1033
2844
1212
7909
5392
2694
3325
1342
472
4453
5038
849
2156
6106
6077
1075
4107
2023
3227
5682
6653
1
2297
6029
3937
2329
7201
4742
8759
9181
348
8282
6966
1409
3395
3557
4681
2682
994
1490
7030
1788
6278
6376
5445
4269
4363
6840
7204
9871
1582
5879
1467
115
8387
6269
2310
2380
8749
9188
436
4004
2724
6665
1011
5981
3175
2710
1682
6945
4143
1518
1702
3102
441
3710
7569
2725
1197
2941
5380
7537
2787
7518
793
7292
4085
1466
6755
9870
5619
9656
9768
2262
8177
6172
4837
1913
1736
6392
217
4699
5061
6703
5045
8508
5489
6700
6749
5081
2249
4647
2077
8982
6499
2441
1971
214
9460
4194
7085
350
2018
1594
883
6412
5019
1189
7164
4822
8622
9057
9746
7103
3424
4326
409
2233
2273
6625
3667
4118
5408
1780
5824
2102
7444
6813
7775
7226
3039
8562
8086
7949
5828
280
9554
7782
5641
3851
8208
7513
299
1046
3750
5079
4987
2857
9807
9131
8534
3515
8576
5238
9069
4169
3906
9200
6524
10000
8924
394
549
659
955
8222
3847
8717
6387
3670
6441
4090
5288
3632
6841
6601
6235
5149
6636
3232
1724
9778
284
3114
7650
3008
5968
8656
2460
6268
2890
9459
4283
897
4731
3012
6382
3534
4885
2002
4845
4844
8872
2153
2095
5205
8302
4776
6643
1044
7617
8420
6018
4193
1510
9201
2896
9611
7378
8826
1381
8217
8184
5723
120
7868
1681
5984
8997
9083
4532
1132
4354
4560
8963
2420
6228
2916
8237
112
2532
6384
2765
2961
408
9740
7594
9784
9263
9489
2203
625
432
5902
7394
6829
3705
5022
2944
224
3696
8201
4600
5613
3631
4788
3265
6770
8613
5507
7730
399
7555
493
2173
9231
9177
1828
4098
515
1458
7280
1125
2110
3949
1674
5513
9255
5511
3110
4713
3674
3154
540
5032
1833
3250
8492
2016
1210
2590
4155
9367
5379
3933
1135
7397
1468
956
8170
7623
2054
6678
7905
6463
1837
6460
2856
7877
5780
2515
114
1152
7723
2840
3286
4124
9858
5466
4382
232
65
3062
4834
9281
1937
1879
2015
3453
2677
6766
1618
3512
7440
63
8395
366
124
9629
5266
6775
4311
5453
3791
6301
7218
8063
1885
489
6860
2125
2751
7797
6446
331
2168
69
1361
2165
2949
9063
880
5943
6148
6346
4825
1654
1515
1790
7087
990
7796
9586
754
3133
2634
4421
6132
1965
738
2749
8974
3595
1844
5446
4745
2206
544
1023
2199
7352
7837
1216
2387
9096
2704
2823
5555
1040
2243
9716
8993
83
2913
1524
7437
701
6010
207
1386
9243
6800
468
6082
7470
8755
5769
2932
2771
8314
7380
3989
5670
9402
5033
5588
2084
4181
3185
4141
8392
2196
2074
3916
9674
6987
9028
6627
950
9259
4139
4444
2712
5026
6578
620
2324
410
1840
1622
6353
1065
7150
1735
7247
3688
702
3427
2456
4294
1254
66
6650
4100
1401
6647
7503
9401
9965
8221
4869
1256
8546
4530
2213
2467
7448
180
46
7889
8264
6270
4525
2394
6591
8285
1441
6857
2115
6817
3210
9411
8919
3415
1926
8483
1238
568
8929
1217
8031
4321
6682
7676
1162
946
6465
6145
7480
6799
195
6763
7985
9682
3292
2636
4119
6031
7819
5075
836
3735
4034
1123
4877
2136
1047
8206
6381
6870
8667
5134
6113
4693
8322
6340
6694
7416
3855
4481
3076
7008
3072
5674
14
4913
9456
9936
7958
8470
2668
6366
1811
8625
4786
7414
1270
3765
3135
146
1205
2424
7754
6546
1452
3085
5324
3316
8013
5232
827
191
8480
7652
2455
4972
2593
7223
7866
5073
1096
988
753
714
2377
2012
698
4581
5093
5051
9645
1247
6405
9294
3721
3049
6732
1153
8554
3881
7843
3272
8332
1565
1338
4358
6217
9599
4916
8497
1918
7871
2822
121
7996
5517
5783
6750
5417
1906
7840
3444
5947
4510
5714
9928
6239
8019
7256
2079
8277
6359
1504
7198
7965
4934
9052
2891
5890
1787
3257
3793
5614
1163
4436
7844
6539
1552
5310
5201
5183
447
7236
3857
1049
8098
3830
9831
4443
576
3051
8655
5395
9155
9091
8115
4516
5578
8722
1891
986
8807
1137
6089
6952
5834
2182
4624
4642
1693
6705
771
8764
1094
5844
6305
4706
5731
912
5390
6216
306
3654
7136
2346
6487
8433
1686
2573
7372
9670
4986
7603
2060
9075
288
3306
6312
3742
9721
2039
2138
3840
7826
8118
1511
2764
2386
4140
8854
5091
3348
629
9669
9190
7051
1658
4928
2410
6315
6184
2504
5729
3757
351
9314
2854
7086
9432
9370
9382
3766
4111
582
3364
4676
893
4217
12
3078
5941
1134
8949
6358
7000
9525
1728
2503
3537
1229
9245
3183
637
6431
445
1146
2889
9343
4270
5696
9249
185
6819
2540
6355
9423
4428
3132
532
6734
8156
3156
2852
2892
6537
6781
1435
3260
6534
5101
4136
150
95
1756
1849
2032
4735
2451
9324
8683
5534
7764
5067
1934
8204
5427
8840
2756
6507
7406
3180
3996
6181
7012
5362
1921
1288
4627
6304
5006
8574
6397
1317
4714
6444
2335
1687
4535
951
9820
8664
5342
799
7982
8596
7055
6691
9032
5755
8827
1010
9814
5233
2748
6420
5261
3809
2966
132
3588
1286
3131
8172
5250
6853
5785
4969
496
3506
5919
1357
9680
119
6391
4368
181
651
8111
488
4787
2881
6815
1938
3603
3141
2256
6157
7334
596
9605
2820
209
1389
5574
8603
1848
1887
9630
9195
6562
6
5741
5875
8001
8378
9536
8100
3458
700
3115
2586
8984
8080
3155
4933
4698
1774
7387
825
4792
8205
829
5198
1425
2134
6893
2743
2799
5259
6192
9090
6934
5526
2622
2063
8437
319
929
1631
268
5200
6218
1099
6211
9770
8018
6101
7442
5270
3189
1502
5113
2806
6767
8964
2021
5600
7187
8814
9320
6866
671
1076
8293
2374
3372
3954
3945
9893
5923
1785
6303
6702
1715
9398
2056
6021
6151
2859
2368
5967
3528
4051
8569
6175
2728
4770
9363
8045
4055
4495
9119
458
6060
940
2623
4010
8087
6874
2693
2752
4106
8154
4319
813
6655
4866
2225
6480
6782
6733
7217
1818
8673
8438
9113
1472
4488
4782
8648
9736
2779
6526
9923
1366
7180
7542
2027
5409
469
8999
2683
6290
5799
3434
4690
1815
9419
6889
9957
4930
9856
9498
4470
7956
6323
8502
1614
1850
557
6100
8645
1157
397
4244
4078
2408
5595
5047
5129
8044
6367
3450
9731
3345
5510
7237
6967
7833
6137
7855
8736
6802
3808
9776
1660
1947
2760
5202
8009
7181
9943
9935
5937
1089
8402
7128
7395
5332
4094
141
4520
7929
9250
5148
9593
3127
2119
4024
1310
7567
4441
3773
7494
4191
6946
1497
3755
6395
6049
7220
6125
3407
2009
7512
9041
6282
3535
1004
4719
4578
1860
9730
8442
6059
1666
4683
1302
7385
4325
3756
4871
7194
9472
9879
7638
3170
8989
9257
8389
4636
4000
5372
3143
2595
3694
5368
7662
933
1262
78
8597
7536
9209
4615
7062
1253
6863
2606
6423
9911
9389
7429
5877
9545
9747
8943
3474
492
7361
2964
5692
3707
9633
8256
1506
8944
3484
6177
8095
1689
4289
1199
5315
7179
9023
4514
6884
438
9969
7170
4206
4248
8452
4450
5672
9233
211
8577
7148
9560
5199
9806
2330
7851
2601
9699
1636
802
1867
1418
5893
4209
4519
1662
9407
2596
7556
4660
56
1203
7627
5326
2347
7355
4359
729
9707
3642
9452
6365
2678
8416
9144
9672
3199
8164
2556
8779
1705
9194
7289
8812
5136
4544
2449
4613
6492
1933
4910
7255
6408
2744
6859
5654
6644
2020
8384
2716
5961
7945
8212
6541
412
4067
7376
3443
3200
5782
2185
4475
5518
8048
1929
2607
6505
7390
8927
3459
4065
7578
1768
3825
2150
2574
5410
2513
2732
3397
5279
8955
3999
2338
4828
2588
5289
1200
7403
8503
8223
2200
8756
1013
7303
5522
9639
7793
1516
8601
3275
9844
8593
9141
2731
6669
2697
9531
9436
4109
8295
2685
6852
1648
7641
2507
2950
3625
3864
2626
8627
5355
9440
2248
178
4397
2651
5068
8817
8745
8608
2561
3891
5299
2159
8687
7322
7879
7266
6341
1676
970
36
4557
7306
1147
3445
7621
3064
1405
7904
1393
1042
2918
8467
4288
7924
363
1878
1521
2809
7873
8547
5272
2599
7960
8851
9020
3655
2491
2406
1276
7869
7748
21
5546
7325
8396
3920
477
2769
7575
2713
9340
1169
1698
5540
9937
8860
7006
2114
9234
7523
1164
4977
8723
8670
5725
1454
7262
4851
3194
4949
8494
4593
9350
8762
9366
2401
592
2792
8381
5603
2962
7011
9527
352
2105
9990
1598
9772
905
2224
6214
2576
7519
9462
226
2665
6978
1335
5605
8057
1091
5438
5187
9474
8855
2143
7888
3647
8105
474
9379
147
4978
6198
7729
1863
5809
9794
7510
7002
9805
2632
2227
223
6585
8948
4659
2951
9388
5689
4275
8059
2978
8202
900
1249
4545
8686
6548
7612
9541
8501
5102
8472
143
9047
5439
128
303
8845
1008
1876
9665
3660
5854
7547
6389
3511
1767
3365
6997
922
5528
6588
1045
2285
5412
2709
1471
1442
2558
1133
655
6329
4551
824
3563
3866
8704
3553
6313
2922
4459
6171
786
1894
2038
8853
7893
7340
8207
5516
7066
5850
6737
6083
2209
6922
5425
3788
6254
3948
3205
497
7747
7771
2524
4904
703
3572
9899
1709
4446
4460
8413
5763
5229
9313
1544
5157
664
4592
3284
9415
998
6122
9386
1799
2274
8712
6692
453
425
8464
1239
2267
550
9615
7755
9974
5620
4665
2121
3877
8318
7954
522
2917
8563
8355
5661
3624
9044
4963
9399
1363
228
717
7104
2352
3922
2181
2604
806
7577
8849
1794
7558
6913
901
1877
581
4364
1443
4957
6673
2046
9076
6535
9050
2303
7076
3752
2090
9994
4915
3546
9625
9373
4917
7319
8906
3522
198
5631
4512
1522
2996
5807
8566
9067
6429
4870
8455
4367
9867
1708
8691
4469
6730
8660
8834
4820
9409
4944
5933
8748
8374
4259
1905
7822
4750
9199
8783
2525
5069
1791
8146
2385
8836
1783
1383
785
3997
39
5111
9457
6888
6790
8216
4670
160
336
3973
1881
8321
23
2430
8448
6126
6121
1604
4948
4521
8022
9663
564
5701
4757
822
9164
7601
6554
4861
1104
9813
2350
7948
3982
8267
6930
8
6848
3706
1931
4880
2554
2402
7272
1294
1649
2362
3466
5699
7367
287
264
8215
8371
4373
2270
7538
5166
8465
1558
9218
4164
136
2645
3242
4122
5888
8324
2167
8846
551
6044
9378
1328
3731
1494
2425
6128
6156
505
8904
787
4468
7607
3909
8709
8568
9468
1142
7897
7315
6350
6722
1749
4045
3035
5027
3334
7823
9567
9296
2666
5843
7405
6316
416
8091
8149
1149
5874
4800
8043
5594
6720
9732
6753
2506
3770
7957
1206
5810
2072
3089
7677
5493
9580
6396
5264
6663
6004
9323
3438
574
3123
4491
6457
628
3637
3751
611
9264
9095
9883
8173
7347
8162
7867
1600
3349
356
2500
2605
514
999
5155
7013
1826
3821
4133
2028
6135
7357
454
7447
3178
4084
5944
6821
6088
3501
2726
3719
8160
5371
3412
1183
9318
5951
2814
8139
1258
6760
4695
2991
7596
8520
7188
8291
5715
1993
1553
2888
5500
7116
3703
3554
7521
6143
7498
2992
2106
4029
2421
372
6064
210
5582
8286
4797
4058
9526
7487
7834
3702
4461
7221
5817
5364
1260
8114
5550
8017
1548
4598
7940
4983
6823
969
1161
4991
6129