10000
5000
5001
4999
5002
4998
5003
4997
5004
4996
5005
4995
5006
4994
5007
4993
5008
4992
5009
4991
5010
4990
5011
4989
5012
4988
5013
4987
5014
4986
5015
4985
5016
4984
5017
4983
5018
4982
5019
4981
5020
4980
5021
4979
5022
4978
5023
4977
5024
4976
5025
4975
5026
4974
5027
4973
5028
4972
5029
4971
5030
4970
5031
4969
5032
4968
5033
4967
5034
4966
5035
4965
5036
4964
5037
4963
5038
4962
5039
4961
5040
4960
5041
4959
5042
4958
5043
4957
5044
4956
5045
4955
5046
4954
5047
4953
5048
4952
5049
4951
5050
4950
5051
4949
5052
4948
5053
4947
5054
4946
5055
4945
5056
4944
5057
4943
5058
4942
5059
4941
5060
4940
5061
4939
5062
4938
5063
4937
5064
4936
5065
4935
5066
4934
5067
4933
5068
4932
5069
4931
5070
4930
5071
4929
5072
4928
5073
4927
5074
4926
5075
4925
5076
4924
5077
4923
5078
4922
5079
4921
5080
4920
5081
4919
5082
4918
5083
4917
5084
4916
5085
4915
5086
4914
5087
4913
5088
4912
5089
4911
5090
4910
5091
4909
5092
4908
5093
4907
5094
4906
5095
4905
5096
4904
5097
4903
5098
4902
5099
4901
5100
4900
5101
4899
5102
4898
5103
4897
5104
4896
5105
4895
5106
4894
5107
4893
5108
4892
5109
4891
5110
4890
5111
4889
5112
4888
5113
4887
5114
4886
5115
4885
5116
4884
5117
4883
5118
4882
5119
4881
5120
4880
5121
4879
5122
4878
5123
4877
5124
4876
5125
4875
5126
4874
5127
4873
5128
4872
5129
4871
5130
4870
5131
4869
5132
4868
5133
4867
5134
4866
5135
4865
5136
4864
5137
4863
5138
4862
5139
4861
5140
4860
5141
4859
5142
4858
5143
4857
5144
4856
5145
4855
5146
4854
5147
4853
5148
4852
5149
4851
5150
4850
5151
4849
5152
4848
5153
4847
5154
4846
5155
4845
5156
4844
5157
4843
5158
4842
5159
4841
5160
4840
5161
4839
5162
4838
5163
4837
5164
4836
5165
4835
5166
4834
5167
4833
5168
4832
5169
4831
5170
4830
5171
4829
5172
4828
5173
4827
5174
4826
5175
4825
5176
4824
5177
4823
5178
4822
5179
4821
5180
4820
5181
4819
5182
4818
5183
4817
5184
4816
5185
4815
5186
4814
5187
4813
5188
4812
5189
4811
5190
4810
5191
4809
5192
4808
5193
4807
5194
4806
5195
4805
5196
4804
5197
4803
5198
4802
5199
4801
5200
4800
5201
4799
5202
4798
5203
4797
5204
4796
5205
4795
5206
4794
5207
4793
5208
4792
5209
4791
5210
4790
5211
4789
5212
4788
5213
4787
5214
4786
5215
4785
5216
4784
5217
4783
5218
4782
5219
4781
5220
4780
5221
4779
5222
4778
5223
4777
5224
4776
5225
4775
5226
4774
5227
4773
5228
4772
5229
4771
5230
4770
5231
4769
5232
4768
5233
4767
5234
4766
5235
4765
5236
4764
5237
4763
5238
4762
5239
4761
5240
4760
5241
4759
5242
4758
5243
4757
5244
4756
5245
4755
5246
4754
5247
4753
5248
4752
5249
4751
5250
4750
5251
4749
5252
4748
5253
4747
5254
4746
5255
4745
5256
4744
5257
4743
5258
4742
5259
4741
5260
4740
5261
4739
5262
4738
5263
4737
5264
4736
5265
4735
5266
4734
5267
4733
5268
4732
5269
4731
5270
4730
5271
4729
5272
4728
5273
4727
5274
4726
5275
4725
5276
4724
5277
4723
5278
4722
5279
4721
5280
4720
5281
4719
5282
4718
5283
4717
5284
4716
5285
4715
5286
4714
5287
4713
5288
4712
5289
4711
5290
4710
5291
4709
5292
4708
5293
4707
5294
4706
5295
4705
5296
4704
5297
4703
5298
4702
5299
4701
5300
4700
5301
4699
5302
4698
5303
4697
5304
4696
5305
4695
5306
4694
5307
4693
5308
4692
5309
4691
5310
4690
5311
4689
5312
4688
5313
4687
5314
4686
5315
4685
5316
4684
5317
4683
5318
4682
5319
4681
5320
4680
5321
4679
5322
4678
5323
4677
5324
4676
5325
4675
5326
4674
5327
4673
5328
4672
5329
4671
5330
4670
5331
4669
5332
4668
5333
4667
5334
4666
5335
4665
5336
4664
5337
4663
5338
4662
5339
4661
5340
4660
5341
4659
5342
4658
5343
4657
5344
4656
5345
4655
5346
4654
5347
4653
5348
4652
5349
4651
5350
4650
5351
4649
5352
4648
5353
4647
5354
4646
5355
4645
5356
4644
5357
4643
5358
4642
5359
4641
5360
4640
5361
4639
5362
4638
5363
4637
5364
4636
5365
4635
5366
4634
5367
4633
5368
4632
5369
4631
5370
4630
5371
4629
5372
4628
5373
4627
5374
4626
5375
4625
5376
4624
5377
4623
5378
4622
5379
4621
5380
4620
5381
4619
5382
4618
5383
4617
5384
4616
5385
4615
5386
4614
5387
4613
5388
4612
5389
4611
5390
4610
5391
4609
5392
4608
5393
4607
5394
4606
5395
4605
5396
4604
5397
4603
5398
4602
5399
4601
5400
4600
5401
4599
5402
4598
5403
4597
5404
4596
5405
4595
5406
4594
5407
4593
5408
4592
5409
4591
5410
4590
5411
4589
5412
4588
5413
4587
5414
4586
5415
4585
5416
4584
5417
4583
5418
4582
5419
4581
5420
4580
5421
4579
5422
4578
5423
4577
5424
4576
5425
4575
5426
4574
5427
4573
5428
4572
5429
4571
5430
4570
5431
4569
5432
4568
5433
4567
5434
4566
5435
4565
5436
4564
5437
4563
5438
4562
5439
4561
5440
4560
5441
4559
5442
4558
5443
4557
5444
4556
5445
4555
5446
4554
5447
4553
5448
4552
5449
4551
5450
4550
5451
4549
5452
4548
5453
4547
5454
4546
5455
4545
5456
4544
5457
4543
5458
4542
5459
4541
5460
4540
5461
4539
5462
4538
5463
4537
5464
4536
5465
4535
5466
4534
5467
4533
5468
4532
5469
4531
5470
4530
5471
4529
5472
4528
5473
4527
5474
4526
5475
4525
5476
4524
5477
4523
5478
4522
5479
4521
5480
4520
5481
4519
5482
4518
5483
4517
5484
4516
5485
4515
5486
4514
5487
4513
5488
4512
5489
4511
5490
4510
5491
4509
5492
4508
5493
4507
5494
4506
5495
4505
5496
4504
5497
4503
5498
4502
5499
4501
5500
4500
5501
4499
5502
4498
5503
4497
5504
4496
5505
4495
5506
4494
5507
4493
5508
4492
5509
4491
5510
4490
5511
4489
5512
4488
5513
4487
5514
4486
5515
4485
5516
4484
5517
4483
5518
4482
5519
4481
5520
4480
5521
4479
5522
4478
5523
4477
5524
4476
5525
4475
5526
4474
5527
4473
5528
4472
5529
4471
5530
4470
5531
4469
5532
4468
5533
4467
5534
4466
5535
4465
5536
4464
5537
4463
5538
4462
5539
4461
5540
4460
5541
4459
5542
4458
5543
4457
5544
4456
5545
4455
5546
4454
5547
4453
5548
4452
5549
4451
5550
4450
5551
4449
5552
4448
5553
4447
5554
4446
5555
4445
5556
4444
5557
4443
5558
4442
5559
4441
5560
4440
5561
4439
5562
4438
5563
4437
5564
4436
5565
4435
5566
4434
5567
4433
5568
4432
5569
4431
5570
4430
5571
4429
5572
4428
5573
4427
5574
4426
5575
4425
5576
4424
5577
4423
5578
4422
5579
4421
5580
4420
5581
4419
5582
4418
5583
4417
5584
4416
5585
4415
5586
4414
5587
4413
5588
4412
5589
4411
5590
4410
5591
4409
5592
4408
5593
4407
5594
4406
5595
4405
5596
4404
5597
4403
5598
4402
5599
4401
5600
4400
5601
4399
5602
4398
5603
4397
5604
4396
5605
4395
5606
4394
5607
4393
5608
4392
5609
4391
5610
4390
5611
4389
5612
4388
5613
4387
5614
4386
5615
4385
5616
4384
5617
4383
5618
4382
5619
4381
5620
4380
5621
4379
5622
4378
5623
4377
5624
4376
5625
4375
5626
4374
5627
4373
5628
4372
5629
4371
5630
4370
5631
4369
5632
4368
5633
4367
5634
4366
5635
4365
5636
4364
5637
4363
5638
4362
5639
4361
5640
4360
5641
4359
5642
4358
5643
4357
5644
4356
5645
4355
5646
4354
5647
4353
5648
4352
5649
4351
5650
4350
5651
4349
5652
4348
5653
4347
5654
4346
5655
4345
5656
4344
5657
4343
5658
4342
5659
4341
5660
4340
5661
4339
5662
4338
5663
4337
5664
4336
5665
4335
5666
4334
5667
4333
5668
4332
5669
4331
5670
4330
5671
4329
5672
4328
5673
4327
5674
4326
5675
4325
5676
4324
5677
4323
5678
4322
5679
4321
5680
4320
5681
4319
5682
4318
5683
4317
5684
4316
5685
4315
5686
4314
5687
4313
5688
4312
5689
4311
5690
4310
5691
4309
5692
4308
5693
4307
5694
4306
5695
4305
5696
4304
5697
4303
5698
4302
5699
4301
5700
4300
5701
4299
5702
4298
5703
4297
5704
4296
5705
4295
5706
4294
5707
4293
5708
4292
5709
4291
5710
4290
5711
4289
5712
4288
5713
4287
5714
4286
5715
4285
5716
4284
5717
4283
5718
4282
5719
4281
5720
4280
5721
4279
5722
4278
5723
4277
5724
4276
5725
4275
5726
4274
5727
4273
5728
4272
5729
4271
5730
4270
5731
4269
5732
4268
5733
4267
5734
4266
5735
4265
5736
4264
5737
4263
5738
4262
5739
4261
5740
4260
5741
4259
5742
4258
5743
4257
5744
4256
5745
4255
5746
4254
5747
4253
5748
4252
5749
4251
5750
4250
5751
4249
5752
4248
5753
4247
5754
4246
5755
4245
5756
4244
5757
4243
5758
4242
5759
4241
5760
4240
5761
4239
5762
4238
5763
4237
5764
4236
5765
4235
5766
4234
5767
4233
5768
4232
5769
4231
5770
4230
5771
4229
5772
4228
5773
4227
5774
4226
5775
4225
5776
4224
5777
4223
5778
4222
5779
4221
5780
4220
5781
4219
5782
4218
5783
4217
5784
4216
5785
4215
5786
4214
5787
4213
5788
4212
5789
4211
5790
4210
5791
4209
5792
4208
5793
4207
5794
4206
5795
4205
5796
4204
5797
4203
5798
4202
5799
4201
5800
4200
5801
4199
5802
4198
5803
4197
5804
4196
5805
4195
5806
4194
5807
4193
5808
4192
5809
4191
5810
4190
5811
4189
5812
4188
5813
4187
5814
4186
5815
4185
5816
4184
5817
4183
5818
4182
5819
4181
5820
4180
5821
4179
5822
4178
5823
4177
5824
4176
5825
4175
5826
4174
5827
4173
5828
4172
5829
4171
5830
4170
5831
4169
5832
4168
5833
4167
5834
4166
5835
4165
5836
4164
5837
4163
5838
4162
5839
4161
5840
4160
5841
4159
5842
4158
5843
4157
5844
4156
5845
4155
5846
4154
5847
4153
5848
4152
5849
4151
5850
4150
5851
4149
5852
4148
5853
4147
5854
4146
5855
4145
5856
4144
5857
4143
5858
4142
5859
4141
5860
4140
5861
4139
5862
4138
5863
4137
5864
4136
5865
4135
5866
4134
5867
4133
5868
4132
5869
4131
5870
4130
5871
4129
5872
4128
5873
4127
5874
4126
5875
4125
5876
4124
5877
4123
5878
4122
5879
4121
5880
4120
5881
4119
5882
4118
5883
4117
5884
4116
5885
4115
5886
4114
5887
4113
5888
4112
5889
4111
5890
4110
5891
4109
5892
4108
5893
4107
5894
4106
5895
4105
5896
4104
5897
4103
5898
4102
5899
4101
5900
4100
5901
4099
5902
4098
5903
4097
5904
4096
5905
4095
5906
4094
5907
4093
5908
4092
5909
4091
5910
4090
5911
4089
5912
4088
5913
4087
5914
4086
5915
4085
5916
4084
5917
4083
5918
4082
5919
4081
5920
4080
5921
4079
5922
4078
5923
4077
5924
4076
5925
4075
5926
4074
5927
4073
5928
4072
5929
4071
5930
4070
5931
4069
5932
4068
5933
4067
5934
4066
5935
4065
5936
4064
5937
4063
5938
4062
5939
4061
5940
4060
5941
4059
5942
4058
5943
4057
5944
4056
5945
4055
5946
4054
5947
4053
5948
4052
5949
4051
5950
4050
5951
4049
5952
4048
5953
4047
5954
4046
5955
4045
5956
4044
5957
4043
5958
4042
5959
4041
5960
4040
5961
4039
5962
4038
5963
4037
5964
4036
5965
4035
5966
4034
5967
4033
5968
4032
5969
4031
5970
4030
5971
4029
5972
4028
5973
4027
5974
4026
5975
4025
5976
4024
5977
4023
5978
4022
5979
4021
5980
4020
5981
4019
5982
4018
5983
4017
5984
4016
5985
4015
5986
4014
5987
4013
5988
4012
5989
4011
5990
4010
5991
4009
5992
4008
5993
4007
5994
4006
5995
4005
5996
4004
5997
4003
5998
4002
5999
4001
6000
4000
6001
3999
6002
3998
6003
3997
6004
3996
6005
3995
6006
3994
6007
3993
6008
3992
6009
3991
6010
3990
6011
3989
6012
3988
6013
3987
6014
3986
6015
3985
6016
3984
6017
3983
6018
3982
6019
3981
6020
3980
6021
3979
6022
3978
6023
3977
6024
3976
6025
3975
6026
3974
6027
3973
6028
3972
6029
3971
6030
3970
6031
3969
6032
3968
6033
3967
6034
3966
6035
3965
6036
3964
6037
3963
6038
3962
6039
3961
6040
3960
6041
3959
6042
3958
6043
3957
6044
3956
6045
3955
6046
3954
6047
3953
6048
3952
6049
3951
6050
3950
6051
3949
6052
3948
6053
3947
6054
3946
6055
3945
6056
3944
6057
3943
6058
3942
6059
3941
6060
3940
6061
3939
6062
3938
6063
3937
6064
3936
6065
3935
6066
3934
6067
3933
6068
3932
6069
3931
6070
3930
6071
3929
6072
3928
6073
3927
6074
3926
6075
3925
6076
3924
6077
3923
6078
3922
6079
3921
6080
3920
6081
3919
6082
3918
6083
3917
6084
3916
6085
3915
6086
3914
6087
3913
6088
3912
6089
3911
6090
3910
6091
3909
6092
3908
6093
3907
6094
3906
6095
3905
6096
3904
6097
3903
6098
3902
6099
3901
6100
3900
6101
3899
6102
3898
6103
3897
6104
3896
6105
3895
6106
3894
6107
3893
6108
3892
6109
3891
6110
3890
6111
3889
6112
3888
6113
3887
6114
3886
6115
3885
6116
3884
6117
3883
6118
3882
6119
3881
6120
3880
6121
3879
6122
3878
6123
3877
6124
3876
6125
3875
6126
3874
6127
3873
6128
3872
6129
3871
6130
3870
6131
3869
6132
3868
6133
3867
6134
3866
6135
3865
6136
3864
6137
3863
6138
3862
6139
3861
6140
3860
6141
3859
6142
3858
6143
3857
6144
3856
6145
3855
6146
3854
6147
3853
6148
3852
6149
3851
6150
3850
6151
3849
6152
3848
6153
3847
6154
3846
6155
3845
6156
3844
6157
3843
6158
3842
6159
3841
6160
3840
6161
3839
6162
3838
6163
3837
6164
3836
6165
3835
6166
3834
6167
3833
6168
3832
6169
3831
6170
3830
6171
3829
6172
3828
6173
3827
6174
3826
6175
3825
6176
3824
6177
3823
6178
3822
6179
3821
6180
3820
6181
3819
6182
3818
6183
3817
6184
3816
6185
3815
6186
3814
6187
3813
6188
3812
6189
3811
6190
3810
6191
3809
6192
3808
6193
3807
6194
3806
6195
3805
6196
3804
6197
3803
6198
3802
6199
3801
6200
3800
6201
3799
6202
3798
6203
3797
6204
3796
6205
3795
6206
3794
6207
3793
6208
3792
6209
3791
6210
3790
6211
3789
6212
3788
6213
3787
6214
3786
6215
3785
6216
3784
6217
3783
6218
3782
6219
3781
6220
3780
6221
3779
6222
3778
6223
3777
6224
3776
6225
3775
6226
3774
6227
3773
6228
3772
6229
3771
6230
3770
6231
3769
6232
3768
6233
3767
6234
3766
6235
3765
6236
3764
6237
3763
6238
3762
6239
3761
6240
3760
6241
3759
6242
3758
6243
3757
6244
3756
6245
3755
6246
3754
6247
3753
6248
3752
6249
3751
6250
3750
6251
3749
6252
3748
6253
3747
6254
3746
6255
3745
6256
3744
6257
3743
6258
3742
6259
3741
6260
3740
6261
3739
6262
3738
6263
3737
6264
3736
6265
3735
6266
3734
6267
3733
6268
3732
6269
3731
6270
3730
6271
3729
6272
3728
6273
3727
6274
3726
6275
3725
6276
3724
6277
3723
6278
3722
6279
3721
6280
3720
6281
3719
6282
3718
6283
3717
6284
3716
6285
3715
6286
3714
6287
3713
6288
3712
6289
3711
6290
3710
6291
3709
6292
3708
6293
3707
6294
3706
6295
3705
6296
3704
6297
3703
6298
3702
6299
3701
6300
3700
6301
3699
6302
3698
6303
3697
6304
3696
6305
3695
6306
3694
6307
3693
6308
3692
6309
3691
6310
3690
6311
3689
6312
3688
6313
3687
6314
3686
6315
3685
6316
3684
6317
3683
6318
3682
6319
3681
6320
3680
6321
3679
6322
3678
6323
3677
6324
3676
6325
3675
6326
3674
6327
3673
6328
3672
6329
3671
6330
3670
6331
3669
6332
3668
6333
3667
6334
3666
6335
3665
6336
3664
6337
3663
6338
3662
6339
3661
6340
3660
6341
3659
6342
3658
6343
3657
6344
3656
6345
3655
6346
3654
6347
3653
6348
3652
6349
3651
6350
3650
6351
3649
6352
3648
6353
3647
6354
3646
6355
3645
6356
3644
6357
3643
6358
3642
6359
3641
6360
3640
6361
3639
6362
3638
6363
3637
6364
3636
6365
3635
6366
3634
6367
3633
6368
3632
6369
3631
6370
3630
6371
3629
6372
3628
6373
3627
6374
3626
6375
3625
6376
3624
6377
3623
6378
3622
6379
3621
6380
3620
6381
3619
6382
3618
6383
3617
6384
3616
6385
3615
6386
3614
6387
3613
6388
3612
6389
3611
6390
3610
6391
3609
6392
3608
6393
3607
6394
3606
6395
3605
6396
3604
6397
3603
6398
3602
6399
3601
6400
3600
6401
3599
6402
3598
6403
3597
6404
3596
6405
3595
6406
3594
6407
3593
6408
3592
6409
3591
6410
3590
6411
3589
6412
3588
6413
3587
6414
3586
6415
3585
6416
3584
6417
3583
6418
3582
6419
3581
6420
3580
6421
3579
6422
3578
6423
3577
6424
3576
6425
3575
6426
3574
6427
3573
6428
3572
6429
3571
6430
3570
6431
3569
6432
3568
6433
3567
6434
3566
6435
3565
6436
3564
6437
3563
6438
3562
6439
3561
6440
3560
6441
3559
6442
3558
6443
3557
6444
3556
6445
3555
6446
3554
6447
3553
6448
3552
6449
3551
6450
3550
6451
3549
6452
3548
6453
3547
6454
3546
6455
3545
6456
3544
6457
3543
6458
3542
6459
3541
6460
3540
6461
3539
6462
3538
6463
3537
6464
3536
6465
3535
6466
3534
6467
3533
6468
3532
6469
3531
6470
3530
6471
3529
6472
3528
6473
3527
6474
3526
6475
3525
6476
3524
6477
3523
6478
3522
6479
3521
6480
3520
6481
3519
6482
3518
6483
3517
6484
3516
6485
3515
6486
3514
6487
3513
6488
3512
6489
3511
6490
3510
6491
3509
6492
3508
6493
3507
6494
3506
6495
3505
6496
3504
6497
3503
6498
3502
6499
3501
6500
3500
6501
3499
6502
3498
6503
3497
6504
3496
6505
3495
6506
3494
6507
3493
6508
3492
6509
3491
6510
3490
6511
3489
6512
3488
6513
3487
6514
3486
6515
3485
6516
3484
6517
3483
6518
3482
6519
3481
6520
3480
6521
3479
6522
3478
6523
3477
6524
3476
6525
3475
6526
3474
6527
3473
6528
3472
6529
3471
6530
3470
6531
3469
6532
3468
6533
3467
6534
3466
6535
3465
6536
3464
6537
3463
6538
3462
6539
3461
6540
3460
6541
3459
6542
3458
6543
3457
6544
3456
6545
3455
6546
3454
6547
3453
6548
3452
6549
3451
6550
3450
6551
3449
6552
3448
6553
3447
6554
3446
6555
3445
6556
3444
6557
3443
6558
3442
6559
3441
6560
3440
6561
3439
6562
3438
6563
3437
6564
3436
6565
3435
6566
3434
6567
3433
6568
3432
6569
3431
6570
3430
6571
3429
6572
3428
6573
3427
6574
3426
6575
3425
6576
3424
6577
3423
6578
3422
6579
3421
6580
3420
6581
3419
6582
3418
6583
3417
6584
3416
6585
3415
6586
3414
6587
3413
6588
3412
6589
3411
6590
3410
6591
3409
6592
3408
6593
3407
6594
3406
6595
3405
6596
3404
6597
3403
6598
3402
6599
3401
6600
3400
6601
3399
6602
3398
6603
3397
6604
3396
6605
3395
6606
3394
6607
3393
6608
3392
6609
3391
6610
3390
6611
3389
6612
3388
6613
3387
6614
3386
6615
3385
6616
3384
6617
3383
6618
3382
6619
3381
6620
3380
6621
3379
6622
3378
6623
3377
6624
3376
6625
3375
6626
3374
6627
3373
6628
3372
6629
3371
6630
3370
6631
3369
6632
3368
6633
3367
6634
3366
6635
3365
6636
3364
6637
3363
6638
3362
6639
3361
6640
3360
6641
3359
6642
3358
6643
3357
6644
3356
6645
3355
6646
3354
6647
3353
6648
3352
6649
3351
6650
3350
6651
3349
6652
3348
6653
3347
6654
3346
6655
3345
6656
3344
6657
3343
6658
3342
6659
3341
6660
3340
6661
3339
6662
3338
6663
3337
6664
3336
6665
3335
6666
3334
6667
3333
6668
3332
6669
3331
6670
3330
6671
3329
6672
3328
6673
3327
6674
3326
6675
3325
6676
3324
6677
3323
6678
3322
6679
3321
6680
3320
6681
3319
6682
3318
6683
3317
6684
3316
6685
3315
6686
3314
6687
3313
6688
3312
6689
3311
6690
3310
6691
3309
6692
3308
6693
3307
6694
3306
6695
3305
6696
3304
6697
3303
6698
3302
6699
3301
6700
3300
6701
3299
6702
3298
6703
3297
6704
3296
6705
3295
6706
3294
6707
3293
6708
3292
6709
3291
6710
3290
6711
3289
6712
3288
6713
3287
6714
3286
6715
3285
6716
3284
6717
3283
6718
3282
6719
3281
6720
3280
6721
3279
6722
3278
6723
3277
6724
3276
6725
3275
6726
3274
6727
3273
6728
3272
6729
3271
6730
3270
6731
3269
6732
3268
6733
3267
6734
3266
6735
3265
6736
3264
6737
3263
6738
3262
6739
3261
6740
3260
6741
3259
6742
3258
6743
3257
6744
3256
6745
3255
6746
3254
6747
3253
6748
3252
6749
3251
6750
3250
6751
3249
6752
3248
6753
3247
6754
3246
6755
3245
6756
3244
6757
3243
6758
3242
6759
3241
6760
3240
6761
3239
6762
3238
6763
3237
6764
3236
6765
3235
6766
3234
6767
3233
6768
3232
6769
3231
6770
3230
6771
3229
6772
3228
6773
3227
6774
3226
6775
3225
6776
3224
6777
3223
6778
3222
6779
3221
6780
3220
6781
3219
6782
3218
6783
3217
6784
3216
6785
3215
6786
3214
6787
3213
6788
3212
6789
3211
6790
3210
6791
3209
6792
3208
6793
3207
6794
3206
6795
3205
6796
3204
6797
3203
6798
3202
6799
3201
6800
3200
6801
3199
6802
3198
6803
3197
6804
3196
6805
3195
6806
3194
6807
3193
6808
3192
6809
3191
6810
3190
6811
3189
6812
3188
6813
3187
6814
3186
6815
3185
6816
3184
6817
3183
6818
3182
6819
3181
6820
3180
6821
3179
6822
3178
6823
3177
6824
3176
6825
3175
6826
3174
6827
3173
6828
3172
6829
3171
6830
3170
6831
3169
6832
3168
6833
3167
6834
3166
6835
3165
6836
3164
6837
3163
6838
3162
6839
3161
6840
3160
6841
3159
6842
3158
6843
3157
6844
3156
6845
3155
6846
3154
6847
3153
6848
3152
6849
3151
6850
3150
6851
3149
6852
3148
6853
3147
6854
3146
6855
3145
6856
3144
6857
3143
6858
3142
6859
3141
6860
3140
6861
3139
6862
3138
6863
3137
6864
3136
6865
3135
6866
3134
6867
3133
6868
3132
6869
3131
6870
3130
6871
3129
6872
3128
6873
3127
6874
3126
6875
3125
6876
3124
6877
3123
6878
3122
6879
3121
6880
3120
6881
3119
6882
3118
6883
3117
6884
3116
6885
3115
6886
3114
6887
3113
6888
3112
6889
3111
6890
3110
6891
3109
6892
3108
6893
3107
6894
3106
6895
3105
6896
3104
6897
3103
6898
3102
6899
3101
6900
3100
6901
3099
6902
3098
6903
3097
6904
3096
6905
3095
6906
3094
6907
3093
6908
3092
6909
3091
6910
3090
6911
3089
6912
3088
6913
3087
6914
3086
6915
3085
6916
3084
6917
3083
6918
3082
6919
3081
6920
3080
6921
3079
6922
3078
6923
3077
6924
3076
6925
3075
6926
3074
6927
3073
6928
3072
6929
3071
6930
3070
6931
3069
6932
3068
6933
3067
6934
3066
6935
3065
6936
3064
6937
3063
6938
3062
6939
3061
6940
3060
6941
3059
6942
3058
6943
3057
6944
3056
6945
3055
6946
3054
6947
3053
6948
3052
6949
3051
6950
3050
6951
3049
6952
3048
6953
3047
6954
3046
6955
3045
6956
3044
6957
3043
6958
3042
6959
3041
6960
3040
6961
3039
6962
3038
6963
3037
6964
3036
6965
3035
6966
3034
6967
3033
6968
3032
6969
3031
6970
3030
6971
3029
6972
3028
6973
3027
6974
3026
6975
3025
6976
3024
6977
3023
6978
3022
6979
3021
6980
3020
6981
3019
6982
3018
6983
3017
6984
3016
6985
3015
6986
3014
6987
3013
6988
3012
6989
3011
6990
3010
6991
3009
6992
3008
6993
3007
6994
3006
6995
3005
6996
3004
6997
3003
6998
3002
6999
3001
7000
3000
7001
2999
7002
2998
7003
2997
7004
2996
7005
2995
7006
2994
7007
2993
7008
2992
7009
2991
7010
2990
7011
2989
7012
2988
7013
2987
7014
2986
7015
2985
7016
2984
7017
2983
7018
2982
7019
2981
7020
2980
7021
2979
7022
2978
7023
2977
7024
2976
7025
2975
7026
2974
7027
2973
7028
2972
7029
2971
7030
2970
7031
2969
7032
2968
7033
2967
7034
2966
7035
2965
7036
2964
7037
2963
7038
2962
7039
2961
7040
2960
7041
2959
7042
2958
7043
2957
7044
2956
7045
2955
7046
2954
7047
2953
7048
2952
7049
2951
7050
2950
7051
2949
7052
2948
7053
2947
7054
2946
7055
2945
7056
2944
7057
2943
7058
2942
7059
2941
7060
2940
7061
2939
7062
2938
7063
2937
7064
2936
7065
2935
7066
2934
7067
2933
7068
2932
7069
2931
7070
2930
7071
2929
7072
2928
7073
2927
7074
2926
7075
2925
7076
2924
7077
2923
7078
2922
7079
2921
7080
2920
7081
2919
7082
2918
7083
2917
7084
2916
7085
2915
7086
2914
7087
2913
7088
2912
7089
2911
7090
2910
7091
2909
7092
2908
7093
2907
7094
2906
7095
2905
7096
2904
7097
2903
7098
2902
7099
2901
7100
2900
7101
2899
7102
2898
7103
2897
7104
2896
7105
2895
7106
2894
7107
2893
7108
2892
7109
2891
7110
2890
7111
2889
7112
2888
7113
2887
7114
2886
7115
2885
7116
2884
7117
2883
7118
2882
7119
2881
7120
2880
7121
2879
7122
2878
7123
2877
7124
2876
7125
2875
7126
2874
7127
2873
7128
2872
7129
2871
7130
2870
7131
2869
7132
2868
7133
2867
7134
2866
7135
2865
7136
2864
7137
2863
7138
2862
7139
2861
7140
2860
7141
2859
7142
2858
7143
2857
7144
2856
7145
2855
7146
2854
7147
2853
7148
2852
7149
2851
7150
2850
7151
2849
7152
2848
7153
2847
7154
2846
7155
2845
7156
2844
7157
2843
7158
2842
7159
2841
7160
2840
7161
2839
7162
2838
7163
2837
7164
2836
7165
2835
7166
2834
7167
2833
7168
2832
7169
2831
7170
2830
7171
2829
7172
2828
7173
2827
7174
2826
7175
2825
7176
2824
7177
2823
7178
2822
7179
2821
7180
2820
7181
2819
7182
2818
7183
2817
7184
2816
7185
2815
7186
2814
7187
2813
7188
2812
7189
2811
7190
2810
7191
2809
7192
2808
7193
2807
7194
2806
7195
2805
7196
2804
7197
2803
7198
2802
7199
2801
7200
2800
7201
2799
7202
2798
7203
2797
7204
2796
7205
2795
7206
2794
7207
2793
7208
2792
7209
2791
7210
2790
7211
2789
7212
2788
7213
2787
7214
2786
7215
2785
7216
2784
7217
2783
7218
2782
7219
2781
7220
2780
7221
2779
7222
2778
7223
2777
7224
2776
7225
2775
7226
2774
7227
2773
7228
2772
7229
2771
7230
2770
7231
2769
7232
2768
7233
2767
7234
2766
7235
2765
7236
2764
7237
2763
7238
2762
7239
2761
7240
2760
7241
2759
7242
2758
7243
2757
7244
2756
7245
2755
7246
2754
7247
2753
7248
2752
7249
2751
7250
2750
7251
2749
7252
2748
7253
2747
7254
2746
7255
2745
7256
2744
7257
2743
7258
2742
7259
2741
7260
2740
7261
2739
7262
2738
7263
2737
7264
2736
7265
2735
7266
2734
7267
2733
7268
2732
7269
2731
7270
2730
7271
2729
7272
2728
7273
2727
7274
2726
7275
2725
7276
2724
7277
2723
7278
2722
7279
2721
7280
2720
7281
2719
7282
2718
7283
2717
7284
2716
7285
2715
7286
2714
7287
2713
7288
2712
7289
2711
7290
2710
7291
2709
7292
2708
7293
2707
7294
2706
7295
2705
7296
2704
7297
2703
7298
2702
7299
2701
7300
2700
7301
2699
7302
2698
7303
2697
7304
2696
7305
2695
7306
2694
7307
2693
7308
2692
7309
2691
7310
2690
7311
2689
7312
2688
7313
2687
7314
2686
7315
2685
7316
2684
7317
2683
7318
2682
7319
2681
7320
2680
7321
2679
7322
2678
7323
2677
7324
2676
7325
2675
7326
2674
7327
2673
7328
2672
7329
2671
7330
2670
7331
2669
7332
2668
7333
2667
7334
2666
7335
2665
7336
2664
7337
2663
7338
2662
7339
2661
7340
2660
7341
2659
7342
2658
7343
2657
7344
2656
7345
2655
7346
2654
7347
2653
7348
2652
7349
2651
7350
2650
7351
2649
7352
2648
7353
2647
7354
2646
7355
2645
7356
2644
7357
2643
7358
2642
7359
2641
7360
2640
7361
2639
7362
2638
7363
2637
7364
2636
7365
2635
7366
2634
7367
2633
7368
2632
7369
2631
7370
2630
7371
2629
7372
2628
7373
2627
7374
2626
7375
2625
7376
2624
7377
2623
7378
2622
7379
2621
7380
2620
7381
2619
7382
2618
7383
2617
7384
2616
7385
2615
7386
2614
7387
2613
7388
2612
7389
2611
7390
2610
7391
2609
7392
2608
7393
2607
7394
2606
7395
2605
7396
2604
7397
2603
7398
2602
7399
2601
7400
2600
7401
2599
7402
2598
7403
2597
7404
2596
7405
2595
7406
2594
7407
2593
7408
2592
7409
2591
7410
2590
7411
2589
7412
2588
7413
2587
7414
2586
7415
2585
7416
2584
7417
2583
7418
2582
7419
2581
7420
2580
7421
2579
7422
2578
7423
2577
7424
2576
7425
2575
7426
2574
7427
2573
7428
2572
7429
2571
7430
2570
7431
2569
7432
2568
7433
2567
7434
2566
7435
2565
7436
2564
7437
2563
7438
2562
7439
2561
7440
2560
7441
2559
7442
2558
7443
2557
7444
2556
7445
2555
7446
2554
7447
2553
7448
2552
7449
2551
7450
2550
7451
2549
7452
2548
7453
2547
7454
2546
7455
2545
7456
2544
7457
2543
7458
2542
7459
2541
7460
2540
7461
2539
7462
2538
7463
2537
7464
2536
7465
2535
7466
2534
7467
2533
7468
2532
7469
2531
7470
2530
7471
2529
7472
2528
7473
2527
7474
2526
7475
2525
7476
2524
7477
2523
7478
2522
7479
2521
7480
2520
7481
2519
7482
2518
7483
2517
7484
2516
7485
2515
7486
2514
7487
2513
7488
2512
7489
2511
7490
2510
7491
2509
7492
2508
7493
2507
7494
2506
7495
2505
7496
2504
7497
2503
7498
2502
7499
2501
7500
2500
7501
2499
7502
2498
7503
2497
7504
2496
7505
2495
7506
2494
7507
2493
7508
2492
7509
2491
7510
2490
7511
2489
7512
2488
7513
2487
7514
2486
7515
2485
7516
2484
7517
2483
7518
2482
7519
2481
7520
2480
7521
2479
7522
2478
7523
2477
7524
2476
7525
2475
7526
2474
7527
2473
7528
2472
7529
2471
7530
2470
7531
2469
7532
2468
7533
2467
7534
2466
7535
2465
7536
2464
7537
2463
7538
2462
7539
2461
7540
2460
7541
2459
7542
2458
7543
2457
7544
2456
7545
2455
7546
2454
7547
2453
7548
2452
7549
2451
7550
2450
7551
2449
7552
2448
7553
2447
7554
2446
7555
2445
7556
2444
7557
2443
7558
2442
7559
2441
7560
2440
7561
2439
7562
2438
7563
2437
7564
2436
7565
2435
7566
2434
7567
2433
7568
2432
7569
2431
7570
2430
7571
2429
7572
2428
7573
2427
7574
2426
7575
2425
7576
2424
7577
2423
7578
2422
7579
2421
7580
2420
7581
2419
7582
2418
7583
2417
7584
2416
7585
2415
7586
2414
7587
2413
7588
2412
7589
2411
7590
2410
7591
2409
7592
2408
7593
2407
7594
2406
7595
2405
7596
2404
7597
2403
7598
2402
7599
2401
7600
2400
7601
2399
7602
2398
7603
2397
7604
2396
7605
2395
7606
2394
7607
2393
7608
2392
7609
2391
7610
2390
7611
2389
7612
2388
7613
2387
7614
2386
7615
2385
7616
2384
7617
2383
7618
2382
7619
2381
7620
2380
7621
2379
7622
2378
7623
2377
7624
2376
7625
2375
7626
2374
7627
2373
7628
2372
7629
2371
7630
2370
7631
2369
7632
2368
7633
2367
7634
2366
7635
2365
7636
2364
7637
2363
7638
2362
7639
2361
7640
2360
7641
2359
7642
2358
7643
2357
7644
2356
7645
2355
7646
2354
7647
2353
7648
2352
7649
2351
7650
2350
7651
2349
7652
2348
7653
2347
7654
2346
7655
2345
7656
2344
7657
2343
7658
2342
7659
2341
7660
2340
7661
2339
7662
2338
7663
2337
7664
2336
7665
2335
7666
2334
7667
2333
7668
2332
7669
2331
7670
2330
7671
2329
7672
2328
7673
2327
7674
2326
7675
2325
7676
2324
7677
2323
7678
2322
7679
2321
7680
2320
7681
2319
7682
2318
7683
2317
7684
2316
7685
2315
7686
2314
7687
2313
7688
2312
7689
2311
7690
2310
7691
2309
7692
2308
7693
2307
7694
2306
7695
2305
7696
2304
7697
2303
7698
2302
7699
2301
7700
2300
7701
2299
7702
2298
7703
2297
7704
2296
7705
2295
7706
2294
7707
2293
7708
2292
7709
2291
7710
2290
7711
2289
7712
2288
7713
2287
7714
2286
7715
2285
7716
2284
7717
2283
7718
2282
7719
2281
7720
2280
7721
2279
7722
2278
7723
2277
7724
2276
7725
2275
7726
2274
7727
2273
7728
2272
7729
2271
7730
2270
7731
2269
7732
2268
7733
2267
7734
2266
7735
2265
7736
2264
7737
2263
7738
2262
7739
2261
7740
2260
7741
2259
7742
2258
7743
2257
7744
2256
7745
2255
7746
2254
7747
2253
7748
2252
7749
2251
7750
2250
7751
2249
7752
2248
7753
2247
7754
2246
7755
2245
7756
2244
7757
2243
7758
2242
7759
2241
7760
2240
7761
2239
7762
2238
7763
2237
7764
2236
7765
2235
7766
2234
7767
2233
7768
2232
7769
2231
7770
2230
7771
2229
7772
2228
7773
2227
7774
2226
7775
2225
7776
2224
7777
2223
7778
2222
7779
2221
7780
2220
7781
2219
7782
2218
7783
2217
7784
2216
7785
2215
7786
2214
7787
2213
7788
2212
7789
2211
7790
2210
7791
2209
7792
2208
7793
2207
7794
2206
7795
2205
7796
2204
7797
2203
7798
2202
7799
2201
7800
2200
7801
2199
7802
2198
7803
2197
7804
2196
7805
2195
7806
2194
7807
2193
7808
2192
7809
2191
7810
2190
7811
2189
7812
2188
7813
2187
7814
2186
7815
2185
7816
2184
7817
2183
7818
2182
7819
2181
7820
2180
7821
2179
7822
2178
7823
2177
7824
2176
7825
2175
7826
2174
7827
2173
7828
2172
7829
2171
7830
2170
7831
2169
7832
2168
7833
2167
7834
2166
7835
2165
7836
2164
7837
2163
7838
2162
7839
2161
7840
2160
7841
2159
7842
2158
7843
2157
7844
2156
7845
2155
7846
2154
7847
2153
7848
2152
7849
2151
7850
2150
7851
2149
7852
2148
7853
2147
7854
2146
7855
2145
7856
2144
7857
2143
7858
2142
7859
2141
7860
2140
7861
2139
7862
2138
7863
2137
7864
2136
7865
2135
7866
2134
7867
2133
7868
2132
7869
2131
7870
2130
7871
2129
7872
2128
7873
2127
7874
2126
7875
2125
7876
2124
7877
2123
7878
2122
7879
2121
7880
2120
7881
2119
7882
2118
7883
2117
7884
2116
7885
2115
7886
2114
7887
2113
7888
2112
7889
2111
7890
2110
7891
2109
7892
2108
7893
2107
7894
2106
7895
2105
7896
2104
7897
2103
7898
2102
7899
2101
7900
2100
7901
2099
7902
2098
7903
2097
7904
2096
7905
2095
7906
2094
7907
2093
7908
2092
7909
2091
7910
2090
7911
2089
7912
2088
7913
2087
7914
2086
7915
2085
7916
2084
7917
2083
7918
2082
7919
2081
7920
2080
7921
2079
7922
2078
7923
2077
7924
2076
7925
2075
7926
2074
7927
2073
7928
2072
7929
2071
7930
2070
7931
2069
7932
2068
7933
2067
7934
2066
7935
2065
7936
2064
7937
2063
7938
2062
7939
2061
7940
2060
7941
2059
7942
2058
7943
2057
7944
2056
7945
2055
7946
2054
7947
2053
7948
2052
7949
2051
7950
2050
7951
2049
7952
2048
7953
2047
7954
2046
7955
2045
7956
2044
7957
2043
7958
2042
7959
2041
7960
2040
7961
2039
7962
2038
7963
2037
7964
2036
7965
2035
7966
2034
7967
2033
7968
2032
7969
2031
7970
2030
7971
2029
7972
2028
7973
2027
7974
2026
7975
2025
7976
2024
7977
2023
7978
2022
7979
2021
7980
2020
7981
2019
7982
2018
7983
2017
7984
2016
7985
2015
7986
2014
7987
2013
7988
2012
7989
2011
7990
2010
7991
2009
7992
2008
7993
2007
7994
2006
7995
2005
7996
2004
7997
2003
7998
2002
7999
2001
8000
2000
8001
1999
8002
1998
8003
1997
8004
1996
8005
1995
8006
1994
8007
1993
8008
1992
8009
1991
8010
1990
8011
1989
8012
1988
8013
1987
8014
1986
8015
1985
8016
1984
8017
1983
8018
1982
8019
1981
8020
1980
8021
1979
8022
1978
8023
1977
8024
1976
8025
1975
8026
1974
8027
1973
8028
1972
8029
1971
8030
1970
8031
1969
8032
1968
8033
1967
8034
1966
8035
1965
8036
1964
8037
1963
8038
1962
8039
1961
8040
1960
8041
1959
8042
1958
8043
1957
8044
1956
8045
1955
8046
1954
8047
1953
8048
1952
8049
1951
8050
1950
8051
1949
8052
1948
8053
1947
8054
1946
8055
1945
8056
1944
8057
1943
8058
1942
8059
1941
8060
1940
8061
1939
8062
1938
8063
1937
8064
1936
8065
1935
8066
1934
8067
1933
8068
1932
8069
1931
8070
1930
8071
1929
8072
1928
8073
1927
8074
1926
8075
1925
8076
1924
8077
1923
8078
1922
8079
1921
8080
1920
8081
1919
8082
1918
8083
1917
8084
1916
8085
1915
8086
1914
8087
1913
8088
1912
8089
1911
8090
1910
8091
1909
8092
1908
8093
1907
8094
1906
8095
1905
8096
1904
8097
1903
8098
1902
8099
1901
8100
1900
8101
1899
8102
1898
8103
1897
8104
1896
8105
1895
8106
1894
8107
1893
8108
1892
8109
1891
8110
1890
8111
1889
8112
1888
8113
1887
8114
1886
8115
1885
8116
1884
8117
1883
8118
1882
8119
1881
8120
1880
8121
1879
8122
1878
8123
1877
8124
1876
8125
1875
8126
1874
8127
1873
8128
1872
8129
1871
8130
1870
8131
1869
8132
1868
8133
1867
8134
1866
8135
1865
8136
1864
8137
1863
8138
1862
8139
1861
8140
1860
8141
1859
8142
1858
8143
1857
8144
1856
8145
1855
8146
1854
8147
1853
8148
1852
8149
1851
8150
1850
8151
1849
8152
1848
8153
1847
8154
1846
8155
1845
8156
1844
8157
1843
8158
1842
8159
1841
8160
1840
8161
1839
8162
1838
8163
1837
8164
1836
8165
1835
8166
1834
8167
1833
8168
1832
8169
1831
8170
1830
8171
1829
8172
1828
8173
1827
8174
1826
8175
1825
8176
1824
8177
1823
8178
1822
8179
1821
8180
1820
8181
1819
8182
1818
8183
1817
8184
1816
8185
1815
8186
1814
8187
1813
8188
1812
8189
1811
8190
1810
8191
1809
8192
1808
8193
1807
8194
1806
8195
1805
8196
1804
8197
1803
8198
1802
8199
1801
8200
1800
8201
1799
8202
1798
8203
1797
8204
1796
8205
1795
8206
1794
8207
1793
8208
1792
8209
1791
8210
1790
8211
1789
8212
1788
8213
1787
8214
1786
8215
1785
8216
1784
8217
1783
8218
1782
8219
1781
8220
1780
8221
1779
8222
1778
8223
1777
8224
1776
8225
1775
8226
1774
8227
1773
8228
1772
8229
1771
8230
1770
8231
1769
8232
1768
8233
1767
8234
1766
8235
1765
8236
1764
8237
1763
8238
1762
8239
1761
8240
1760
8241
1759
8242
1758
8243
1757
8244
1756
8245
1755
8246
1754
8247
1753
8248
1752
8249
1751
8250
1750
8251
1749
8252
1748
8253
1747
8254
1746
8255
1745
8256
1744
8257
1743
8258
1742
8259
1741
8260
1740
8261
1739
8262
1738
8263
1737
8264
1736
8265
1735
8266
1734
8267
1733
8268
1732
8269
1731
8270
1730
8271
1729
8272
1728
8273
1727
8274
1726
8275
1725
8276
1724
8277
1723
8278
1722
8279
1721
8280
1720
8281
1719
8282
1718
8283
1717
8284
1716
8285
1715
8286
1714
8287
1713
8288
1712
8289
1711
8290
1710
8291
1709
8292
1708
8293
1707
8294
1706
8295
1705
8296
1704
8297
1703
8298
1702
8299
1701
8300
1700
8301
1699
8302
1698
8303
1697
8304
1696
8305
1695
8306
1694
8307
1693
8308
1692
8309
1691
8310
1690
8311
1689
8312
1688
8313
1687
8314
1686
8315
1685
8316
1684
8317
1683
8318
1682
8319
1681
8320
1680
8321
1679
8322
1678
8323
1677
8324
1676
8325
1675
8326
1674
8327
1673
8328
1672
8329
1671
8330
1670
8331
1669
8332
1668
8333
1667
8334
1666
8335
1665
8336
1664
8337
1663
8338
1662
8339
1661
8340
1660
8341
1659
8342
1658
8343
1657
8344
1656
8345
1655
8346
1654
8347
1653
8348
1652
8349
1651
8350
1650
8351
1649
8352
1648
8353
1647
8354
1646
8355
1645
8356
1644
8357
1643
8358
1642
8359
1641
8360
1640
8361
1639
8362
1638
8363
1637
8364
1636
8365
1635
8366
1634
8367
1633
8368
1632
8369
1631
8370
1630
8371
1629
8372
1628
8373
1627
8374
1626
8375
1625
8376
1624
8377
1623
8378
1622
8379
1621
8380
1620
8381
1619
8382
1618
8383
1617
8384
1616
8385
1615
8386
1614
8387
1613
8388
1612
8389
1611
8390
1610
8391
1609
8392
1608
8393
1607
8394
1606
8395
1605
8396
1604
8397
1603
8398
1602
8399
1601
8400
1600
8401
1599
8402
1598
8403
1597
8404
1596
8405
1595
8406
1594
8407
1593
8408
1592
8409
1591
8410
1590
8411
1589
8412
1588
8413
1587
8414
1586
8415
1585
8416
1584
8417
1583
8418
1582
8419
1581
8420
1580
8421
1579
8422
1578
8423
1577
8424
1576
8425
1575
8426
1574
8427
1573
8428
1572
8429
1571
8430
1570
8431
1569
8432
1568
8433
1567
8434
1566
8435
1565
8436
1564
8437
1563
8438
1562
8439
1561
8440
1560
8441
1559
8442
1558
8443
1557
8444
1556
8445
1555
8446
1554
8447
1553
8448
1552
8449
1551
8450
1550
8451
1549
8452
1548
8453
1547
8454
1546
8455
1545
8456
1544
8457
1543
8458
1542
8459
1541
8460
1540
8461
1539
8462
1538
8463
1537
8464
1536
8465
1535
8466
1534
8467
1533
8468
1532
8469
1531
8470
1530
8471
1529
8472
1528
8473
1527
8474
1526
8475
1525
8476
1524
8477
1523
8478
1522
8479
1521
8480
1520
8481
1519
8482
1518
8483
1517
8484
1516
8485
1515
8486
1514
8487
1513
8488
1512
8489
1511
8490
1510
8491
1509
8492
1508
8493
1507
8494
1506
8495
1505
8496
1504
8497
1503
8498
1502
8499
1501
8500
1500
8501
1499
8502
1498
8503
1497
8504
1496
8505
1495
8506
1494
8507
1493
8508
1492
8509
1491
8510
1490
8511
1489
8512
1488
8513
1487
8514
1486
8515
1485
8516
1484
8517
1483
8518
1482
8519
1481
8520
1480
8521
1479
8522
1478
8523
1477
8524
1476
8525
1475
8526
1474
8527
1473
8528
1472
8529
1471
8530
1470
8531
1469
8532
1468
8533
1467
8534
1466
8535
1465
8536
1464
8537
1463
8538
1462
8539
1461
8540
1460
8541
1459
8542
1458
8543
1457
8544
1456
8545
1455
8546
1454
8547
1453
8548
1452
8549
1451
8550
1450
8551
1449
8552
1448
8553
1447
8554
1446
8555
1445
8556
1444
8557
1443
8558
1442
8559
1441
8560
1440
8561
1439
8562
1438
8563
1437
8564
1436
8565
1435
8566
1434
8567
1433
8568
1432
8569
1431
8570
1430
8571
1429
8572
1428
8573
1427
8574
1426
8575
1425
8576
1424
8577
1423
8578
1422
8579
1421
8580
1420
8581
1419
8582
1418
8583
1417
8584
1416
8585
1415
8586
1414
8587
1413
8588
1412
8589
1411
8590
1410
8591
1409
8592
1408
8593
1407
8594
1406
8595
1405
8596
1404
8597
1403
8598
1402
8599
1401
8600
1400
8601
1399
8602
1398
8603
1397
8604
1396
8605
1395
8606
1394
8607
1393
8608
1392
8609
1391
8610
1390
8611
1389
8612
1388
8613
1387
8614
1386
8615
1385
8616
1384
8617
1383
8618
1382
8619
1381
8620
1380
8621
1379
8622
1378
8623
1377
8624
1376
8625
1375
8626
1374
8627
1373
8628
1372
8629
1371
8630
1370
8631
1369
8632
1368
8633
1367
8634
1366
8635
1365
8636
1364
8637
1363
8638
1362
8639
1361
8640
1360
8641
1359
8642
1358
8643
1357
8644
1356
8645
1355
8646
1354
8647
1353
8648
1352
8649
1351
8650
1350
8651
1349
8652
1348
8653
1347
8654
1346
8655
1345
8656
1344
8657
1343
8658
1342
8659
1341
8660
1340
8661
1339
8662
1338
8663
1337
8664
1336
8665
1335
8666
1334
8667
1333
8668
1332
8669
1331
8670
1330
8671
1329
8672
1328
8673
1327
8674
1326
8675
1325
8676
1324
8677
1323
8678
1322
8679
1321
8680
1320
8681
1319
8682
1318
8683
1317
8684
1316
8685
1315
8686
1314
8687
1313
8688
1312
8689
1311
8690
1310
8691
1309
8692
1308
8693
1307
8694
1306
8695
1305
8696
1304
8697
1303
8698
1302
8699
1301
8700
1300
8701
1299
8702
1298
8703
1297
8704
1296
8705
1295
8706
1294
8707
1293
8708
1292
8709
1291
8710
1290
8711
1289
8712
1288
8713
1287
8714
1286
8715
1285
8716
1284
8717
1283
8718
1282
8719
1281
8720
1280
8721
1279
8722
1278
8723
1277
8724
1276
8725
1275
8726
1274
8727
1273
8728
1272
8729
1271
8730
1270
8731
1269
8732
1268
8733
1267
8734
1266
8735
1265
8736
1264
8737
1263
8738
1262
8739
1261
8740
1260
8741
1259
8742
1258
8743
1257
8744
1256
8745
1255
8746
1254
8747
1253
8748
1252
8749
1251
8750
1250
8751
1249
8752
1248
8753
1247
8754
1246
8755
1245
8756
1244
8757
1243
8758
1242
8759
1241
8760
1240
8761
1239
8762
1238
8763
1237
8764
1236
8765
1235
8766
1234
8767
1233
8768
1232
8769
1231
8770
1230
8771
1229
8772
1228
8773
1227
8774
1226
8775
1225
8776
1224
8777
1223
8778
1222
8779
1221
8780
1220
8781
1219
8782
1218
8783
1217
8784
1216
8785
1215
8786
1214
8787
1213
8788
1212
8789
1211
8790
1210
8791
1209
8792
1208
8793
1207
8794
1206
8795
1205
8796
1204
8797
1203
8798
1202
8799
1201
8800
1200
8801
1199
8802
1198
8803
1197
8804
1196
8805
1195
8806
1194
8807
1193
8808
1192
8809
1191
8810
1190
8811
1189
8812
1188
8813
1187
8814
1186
8815
1185
8816
1184
8817
1183
8818
1182
8819
1181
8820
1180
8821
1179
8822
1178
8823
1177
8824
1176
8825
1175
8826
1174
8827
1173
8828
1172
8829
1171
8830
1170
8831
1169
8832
1168
8833
1167
8834
1166
8835
1165
8836
1164
8837
1163
8838
1162
8839
1161
8840
1160
8841
1159
8842
1158
8843
1157
8844
1156
8845
1155
8846
1154
8847
1153
8848
1152
8849
1151
8850
1150
8851
1149
8852
1148
8853
1147
8854
1146
8855
1145
8856
1144
8857
1143
8858
1142
8859
1141
8860
1140
8861
1139
8862
1138
8863
1137
8864
1136
8865
1135
8866
1134
8867
1133
8868
1132
8869
1131
8870
1130
8871
1129
8872
1128
8873
1127
8874
1126
8875
1125
8876
1124
8877
1123
8878
1122
8879
1121
8880
1120
8881
1119
8882
1118
8883
1117
8884
1116
8885
1115
8886
1114
8887
1113
8888
1112
8889
1111
8890
1110
8891
1109
8892
1108
8893
1107
8894
1106
8895
1105
8896
1104
8897
1103
8898
1102
8899
1101
8900
1100
8901
1099
8902
1098
8903
1097
8904
1096
8905
1095
8906
1094
8907
1093
8908
1092
8909
1091
8910
1090
8911
1089
8912
1088
8913
1087
8914
1086
8915
1085
8916
1084
8917
1083
8918
1082
8919
1081
8920
1080
8921
1079
8922
1078
8923
1077
8924
1076
8925
1075
8926
1074
8927
1073
8928
1072
8929
1071
8930
1070
8931
1069
8932
1068
8933
1067
8934
1066
8935
1065
8936
1064
8937
1063
8938
1062
8939
1061
8940
1060
8941
1059
8942
1058
8943
1057
8944
1056
8945
1055
8946
1054
8947
1053
8948
1052
8949
1051
8950
1050
8951
1049
8952
1048
8953
1047
8954
1046
8955
1045
8956
1044
8957
1043
8958
1042
8959
1041
8960
1040
8961
1039
8962
1038
8963
1037
8964
1036
8965
1035
8966
1034
8967
1033
8968
1032
8969
1031
8970
1030
8971
1029
8972
1028
8973
1027
8974
1026
8975
1025
8976
1024
8977
1023
8978
1022
8979
1021
8980
1020
8981
1019
8982
1018
8983
1017
8984
1016
8985
1015
8986
1014
8987
1013
8988
1012
8989
1011
8990
1010
8991
1009
8992
1008
8993
1007
8994
1006
8995
1005
8996
1004
8997
1003
8998
1002
8999
1001
9000
1000
9001
999
9002
998
9003
997
9004
996
9005
995
9006
994
9007
993
9008
992
9009
991
9010
990
9011
989
9012
988
9013
987
9014
986
9015
985
9016
984
9017
983
9018
982
9019
981
9020
980
9021
979
9022
978
9023
977
9024
976
9025
975
9026
974
9027
973
9028
972
9029
971
9030
970
9031
969
9032
968
9033
967
9034
966
9035
965
9036
964
9037
963
9038
962
9039
961
9040
960
9041
959
9042
958
9043
957
9044
956
9045
955
9046
954
9047
953
9048
952
9049
951
9050
950
9051
949
9052
948
9053
947
9054
946
9055
945
9056
944
9057
943
9058
942
9059
941
9060
940
9061
939
9062
938
9063
937
9064
936
9065
935
9066
934
9067
933
9068
932
9069
931
9070
930
9071
929
9072
928
9073
927
9074
926
9075
925
9076
924
9077
923
9078
922
9079
921
9080
920
9081
919
9082
918
9083
917
9084
916
9085
915
9086
914
9087
913
9088
912
9089
911
9090
910
9091
909
9092
908
9093
907
9094
906
9095
905
9096
904
9097
903
9098
902
9099
901
9100
900
9101
899
9102
898
9103
897
9104
896
9105
895
9106
894
9107
893
9108
892
9109
891
9110
890
9111
889
9112
888
9113
887
9114
886
9115
885
9116
884
9117
883
9118
882
9119
881
9120
880
9121
879
9122
878
9123
877
9124
876
9125
875
9126
874
9127
873
9128
872
9129
871
9130
870
9131
869
9132
868
9133
867
9134
866
9135
865
9136
864
9137
863
9138
862
9139
861
9140
860
9141
859
9142
858
9143
857
9144
856
9145
855
9146
854
9147
853
9148
852
9149
851
9150
850
9151
849
9152
848
9153
847
9154
846
9155
845
9156
844
9157
843
9158
842
9159
841
9160
840
9161
839
9162
838
9163
837
9164
836
9165
835
9166
834
9167
833
9168
832
9169
831
9170
830
9171
829
9172
828
9173
827
9174
826
9175
825
9176
824
9177
823
9178
822
9179
821
9180
820
9181
819
9182
818
9183
817
9184
816
9185
815
9186
814
9187
813
9188
812
9189
811
9190
810
9191
809
9192
808
9193
807
9194
806
9195
805
9196
804
9197
803
9198
802
9199
801
9200
800
9201
799
9202
798
9203
797
9204
796
9205
795
9206
794
9207
793
9208
792
9209
791
9210
790
9211
789
9212
788
9213
787
9214
786
9215
785
9216
784
9217
783
9218
782
9219
781
9220
780
9221
779
9222
778
9223
777
9224
776
9225
775
9226
774
9227
773
9228
772
9229
771
9230
770
9231
769
9232
768
9233
767
9234
766
9235
765
9236
764
9237
763
9238
762
9239
761
9240
760
9241
759
9242
758
9243
757
9244
756
9245
755
9246
754
9247
753
9248
752
9249
751
9250
750
9251
749
9252
748
9253
747
9254
746
9255
745
9256
744
9257
743
9258
742
9259
741
9260
740
9261
739
9262
738
9263
737
9264
736
9265
735
9266
734
9267
733
9268
732
9269
731
9270
730
9271
729
9272
728
9273
727
9274
726
9275
725
9276
724
9277
723
9278
722
9279
721
9280
720
9281
719
9282
718
9283
717
9284
716
9285
715
9286
714
9287
713
9288
712
9289
711
9290
710
9291
709
9292
708
9293
707
9294
706
9295
705
9296
704
9297
703
9298
702
9299
701
9300
700
9301
699
9302
698
9303
697
9304
696
9305
695
9306
694
9307
693
9308
692
9309
691
9310
690
9311
689
9312
688
9313
687
9314
686
9315
685
9316
684
9317
683
9318
682
9319
681
9320
680
9321
679
9322
678
9323
677
9324
676
9325
675
9326
674
9327
673
9328
672
9329
671
9330
670
9331
669
9332
668
9333
667
9334
666
9335
665
9336
664
9337
663
9338
662
9339
661
9340
660
9341
659
9342
658
9343
657
9344
656
9345
655
9346
654
9347
653
9348
652
9349
651
9350
650
9351
649
9352
648
9353
647
9354
646
9355
645
9356
644
9357
643
9358
642
9359
641
9360
640
9361
639
9362
638
9363
637
9364
636
9365
635
9366
634
9367
633
9368
632
9369
631
9370
630
9371
629
9372
628
9373
627
9374
626
9375
625
9376
624
9377
623
9378
622
9379
621
9380
620
9381
619
9382
618
9383
617
9384
616
9385
615
9386
614
9387
613
9388
612
9389
611
9390
610
9391
609
9392
608
9393
607
9394
606
9395
605
9396
604
9397
603
9398
602
9399
601
9400
600
9401
599
9402
598
9403
597
9404
596
9405
595
9406
594
9407
593
9408
592
9409
591
9410
590
9411
589
9412
588
9413
587
9414
586
9415
585
9416
584
9417
583
9418
582
9419
581
9420
580
9421
579
9422
578
9423
577
9424
576
9425
575
9426
574
9427
573
9428
572
9429
571
9430
570
9431
569
9432
568
9433
567
9434
566
9435
565
9436
564
9437
563
9438
562
9439
561
9440
560
9441
559
9442
558
9443
557
9444
556
9445
555
9446
554
9447
553
9448
552
9449
551
9450
550
9451
549
9452
548
9453
547
9454
546
9455
545
9456
544
9457
543
9458
542
9459
541
9460
540
9461
539
9462
538
9463
537
9464
536
9465
535
9466
534
9467
533
9468
532
9469
531
9470
530
9471
529
9472
528
9473
527
9474
526
9475
525
9476
524
9477
523
9478
522
9479
521
9480
520
9481
519
9482
518
9483
517
9484
516
9485
515
9486
514
9487
513
9488
512
9489
511
9490
510
9491
509
9492
508
9493
507
9494
506
9495
505
9496
504
9497
503
9498
502
9499
501
9500
500
9501
499
9502
498
9503
497
9504
496
9505
495
9506
494
9507
493
9508
492
9509
491
9510
490
9511
489
9512
488
9513
487
9514
486
9515
485
9516
484
9517
483
9518
482
9519
481
9520
480
9521
479
9522
478
9523
477
9524
476
9525
475
9526
474
9527
473
9528
472
9529
471
9530
470
9531
469
9532
468
9533
467
9534
466
9535
465
9536
464
9537
463
9538
462
9539
461
9540
460
9541
459
9542
458
9543
457
9544
456
9545
455
9546
454
9547
453
9548
452
9549
451
9550
450
9551
449
9552
448
9553
447
9554
446
9555
445
9556
444
9557
443
9558
442
9559
441
9560
440
9561
439
9562
438
9563
437
9564
436
9565
435
9566
434
9567
433
9568
432
9569
431
9570
430
9571
429
9572
428
9573
427
9574
426
9575
425
9576
424
9577
423
9578
422
9579
421
9580
420
9581
419
9582
418
9583
417
9584
416
9585
415
9586
414
9587
413
9588
412
9589
411
9590
410
9591
409
9592
408
9593
407
9594
406
9595
405
9596
404
9597
403
9598
402
9599
401
9600
400
9601
399
9602
398
9603
397
9604
396
9605
395
9606
394
9607
393
9608
392
9609
391
9610
390
9611
389
9612
388
9613
387
9614
386
9615
385
9616
384
9617
383
9618
382
9619
381
9620
380
9621
379
9622
378
9623
377
9624
376
9625
375
9626
374
9627
373
9628
372
9629
371
9630
370
9631
369
9632
368
9633
367
9634
366
9635
365
9636
364
9637
363
9638
362
9639
361
9640
360
9641
359
9642
358
9643
357
9644
356
9645
355
9646
354
9647
353
9648
352
9649
351
9650
350
9651
349
9652
348
9653
347
9654
346
9655
345
9656
344
9657
343
9658
342
9659
341
9660
340
9661
339
9662
338
9663
337
9664
336
9665
335
9666
334
9667
333
9668
332
9669
331
9670
330
9671
329
9672
328
9673
327
9674
326
9675
325
9676
324
9677
323
9678
322
9679
321
9680
320
9681
319
9682
318
9683
317
9684
316
9685
315
9686
314
9687
313
9688
312
9689
311
9690
310
9691
309
9692
308
9693
307
9694
306
9695
305
9696
304
9697
303
9698
302
9699
301
9700
300
9701
299
9702
298
9703
297
9704
296
9705
295
9706
294
9707
293
9708
292
9709
291
9710
290
9711
289
9712
288
9713
287
9714
286
9715
285
9716
284
9717
283
9718
282
9719
281
9720
280
9721
279
9722
278
9723
277
9724
276
9725
275
9726
274
9727
273
9728
272
9729
271
9730
270
9731
269
9732
268
9733
267
9734
266
9735
265
9736
264
9737
263
9738
262
9739
261
9740
260
9741
259
9742
258
9743
257
9744
256
9745
255
9746
254
9747
253
9748
252
9749
251
9750
250
9751
249
9752
248
9753
247
9754
246
9755
245
9756
244
9757
243
9758
242
9759
241
9760
240
9761
239
9762
238
9763
237
9764
236
9765
235
9766
234
9767
233
9768
232
9769
231
9770
230
9771
229
9772
228
9773
227
9774
226
9775
225
9776
224
9777
223
9778
222
9779
221
9780
220
9781
219
9782
218
9783
217
9784
216
9785
215
9786
214
9787
213
9788
212
9789
211
9790
210
9791
209
9792
208
9793
207
9794
206
9795
205
9796
204
9797
203
9798
202
9799
201
9800
200
9801
199
9802
198
9803
197
9804
196
9805
195
9806
194
9807
193
9808
192
9809
191
9810
190
9811
189
9812
188
9813
187
9814
186
9815
185
9816
184
9817
183
9818
182
9819
181
9820
180
9821
179
9822
178
9823
177
9824
176
9825
175
9826
174
9827
173
9828
172
9829
171
9830
170
9831
169
9832
168
9833
167
9834
166
9835
165
9836
164
9837
163
9838
162
9839
161
9840
160
9841
159
9842
158
9843
157
9844
156
9845
155
9846
154
9847
153
9848
152
9849
151
9850
150
9851
149
9852
148
9853
147
9854
146
9855
145
9856
144
9857
143
9858
142
9859
141
9860
140
9861
139
9862
138
9863
137
9864
136
9865
135
9866
134
9867
133
9868
132
9869
131
9870
130
9871
129
9872
128
9873
127
9874
126
9875
125
9876
124
9877
123
9878
122
9879
121
9880
120
9881
119
9882
118
9883
117
9884
116
9885
115
9886
114
9887
113
9888
112
9889
111
9890
110
9891
109
9892
108
9893
107
9894
106
9895
105
9896
104
9897
103
9898
102
9899
101
9900
100
9901
99
9902
98
9903
97
9904
96
9905
95
9906
94
9907
93
9908
92
9909
91
9910
90
9911
89
9912
88
9913
87
9914
86
9915
85
9916
84
9917
83
9918
82
9919
81
9920
80
9921
79
9922
78
9923
77
9924
76
9925
75
9926
74
9927
73
9928
72
9929
71
9930
70
9931
69
9932
68
9933
67
9934
66
9935
65
9936
64
9937
63
9938
62
9939
61
9940
60
9941
59
9942
58
9943
57
9944
56
9945
55
9946
54
9947
53
9948
52
9949
51
9950
50
9951
49
9952
48
9953
47
9954
46
9955
45
9956
44
9957
43
9958
42
9959
41
9960
40
9961
39
9962
38
9963
37
9964
36
9965
35
9966
34
9967
33
9968
32
9969
31
9970
30
9971
29
9972
28
9973
27
9974
26
9975
25
9976
24
9977
23
9978
22
9979
21
9980
20
9981
19
9982
18
9983
17
9984
16
9985
15
9986
14
9987
13
9988
12
9989
11
9990
10
9991
9
9992
8
9993
7
9994
6
9995
5
9996
4
9997
3
9998
2
9999
1
10000