10000
5749
3230
2072
9168
1340
3297
6916
2911
9778
7881
9177
7254
4853
568
7333
9117
1458
3572
7218
9365
2628
7859
8411
9294
7007
2821
7140
9504
556
2425
8453
4332
1228
8721
324
1225
8353
6803
7404
848
7939
4013
9430
6333
2313
5838
7085
3629
5718
1480
4568
481
1036
1499
6853
612
7592
7991
9190
8409
1534
9479
6393
4650
341
4185
6211
7105
278
461
8842
6225
9377
907
8102
2276
7114
4382
4948
1478
7829
5911
9351
7470
1581
8663
178
4733
4544
9291
2454
8877
8658
5059
8470
7018
4519
4960
6121
6457
5192
7535
1561
6230
501
9574
6492
224
3891
7160
788
9481
2575
2396
3700
8814
457
26
2948
9525
8008
6600
8473
260
9489
8272
757
8039
3549
4626
9776
9543
606
8519
3723
2634
5677
5883
7312
9314
7259
4236
9557
672
7884
8646
3102
7821
1909
1967
6617
9968
665
566
2256
8806
190
5735
8048
5042
6160
6265
4012
1661
9170
7725
1696
1710
5034
2045
2819
9398
1839
4116
1665
7095
3331
4862
6447
2378
7472
7689
809
9646
609
1061
2178
5530
5695
6681
8628
93
9441
7377
5470
5730
8043
7057
5484
479
2976
8329
2660
9021
7356
8994
9546
6240
3366
4297
7238
1008
2692
85
5493
6518
15
3403
5873
8837
3532
4136
9354
3136
2085
117
5437
2259
6013
9800
492
8354
4530
2442
9685
8385
6500
8729
5183
2158
3387
5124
3280
8104
7478
5342
753
3913
8624
7656
3570
3885
1705
8098
7447
813
5968
4677
8213
2196
1918
2558
7730
8990
6952
4039
7299
2505
7667
1377
9206
1314
7740
8588
1660
7358
8674
8281
6731
3895
4004
1267
9209
576
7486
1062
8727
7139
701
776
959
510
9407
6878
1125
704
8221
2968
1402
9478
5913
2562
7498
9727
1814
7965
5927
2577
7289
8143
2239
2151
9942
9074
8138
2672
9761
259
8044
7211
3081
9116
4956
4931
4242
1334
7893
5326
5213
5221
4624
148
5423
2666
5467
4312
2237
9281
2621
3906
932
1539
1030
5698
4691
8580
5640
9495
8576
4023
6081
2695
6774
6118
3957
6319
1813
8943
1166
9967
1506
4712
9321
3996
8337
6128
7250
3177
9758
5219
6826
1329
8422
849
5031
6525
8936
7013
9551
8716
4393
6890
9791
1067
9636
5077
2920
9823
9591
3909
7617
1724
2503
2301
440
2946
8159
3942
4742
7510
8675
8845
1754
7005
5753
1875
853
5489
731
2876
7088
5977
4302
1670
5703
2195
3014
9105
974
4342
475
8960
110
5899
1999
8073
7707
6791
8041
1095
67
1161
4490
4920
5134
1549
5000
896
6568
5396
3838
4352
3718
574
1032
2881
2374
4483
6586
7177
5174
9226
7167
7776
8682
6329
1770
2400
2665
2638
7749
5805
4139
8069
7771
464
5607
7752
2567
7554
1773
8817
113
8890
8523
9397
4247
6755
1936
9324
2830
953
948
8810
442
619
3118
9383
9118
8209
9173
3567
655
9843
8200
9210
4945
2248
5421
9301
2800
7653
6702
8652
2219
8829
7196
4807
4603
9747
4741
1417
1562
2381
485
3049
2254
8407
524
8899
6856
3994
3813
6885
5834
6226
4256
7537
5704
5576
6410
6950
7721
5890
3002
1299
6193
9145
6005
7895
4029
2947
5517
1486
2595
6162
3554
6942
9433
2141
6017
5422
3841
7221
9287
5536
103
3344
5428
9222
9832
1631
4121
3672
17
7180
1433
8204
5685
8108
4495
6180
1414
6928
6249
4079
5539
9132
4461
1444
9528
6634
5629
9855
6100
1903
305
3020
6342
4089
5231
8089
5293
5432
2935
7121
8257
1527
8009
5855
1828
3419
4224
8348
6232
7162
3258
526
9888
2933
6091
4334
6022
4835
2281
3135
9060
5258
1962
4057
2137
6960
451
2941
7671
126
6941
8398
3109
6426
2424
9034
9735
6392
8381
6686
1301
9524
7225
9084
1744
1790
8367
7444
7002
3238
5614
3801
2871
1421
3547
2653
5389
6124
4499
2284
9075
8977
5142
2183
5986
100
2594
8636
8922
1426
2029
6214
9790
2936
249
2129
4423
3677
9130
513
8413
9522
6469
216
2337
7004
7909
3828
9846
1320
1606
328
6746
985
1779
8527
9634
3880
8290
2242
1025
4540
2523
7112
2731
7343
9906
3353
3735
5686
5497
3161
4128
3621
6962
298
548
933
262
5139
2483
2450
108
1545
3006
28
1185
2656
5679
4671
5817
8687
8302
8597
3083
8973
9192
1342
2811
3282
5414
9893
2613
1726
590
4652
5737
1994
6120
6671
4958
4909
8189
8816
7039
9448
9029
3517
3028
9390
4005
6821
444
1957
9729
6522
2208
9769
3944
7766
3839
7330
3786
3488
1977
7452
89
3481
1873
1232
2992
578
6789
8811
5495
1745
6579
994
4163
1702
2057
9346
2648
884
4011
4769
3509
71
5868
6016
2995
5304
8517
7174
2580
1649
3017
4621
1184
4690
2094
1822
8176
4114
3214
3131
3697
8900
8795
6165
4489
6139
9802
1852
1529
6284
8897
8307
4838
1798
1725
6629
7676
4257
8274
352
3456
6699
7768
5439
8564
8053
8927
9934
6664
7985
4275
8732
7422
3232
1804
9229
9421
9532
6169
3985
3144
364
6955
7432
3705
3990
8794
5188
4749
9936
1889
6932
5626
3862
5150
1707
2103
4098
941
1302
1484
9007
844
9364
1630
5025
9547
6717
1925
9062
3204
6589
5363
1209
7420
9809
9737
4990
5786
3665
4235
2299
2310
267
2270
2700
5229
2795
593
4289
3398
7687
144
3597
923
5486
9043
8277
9765
9932
9533
6264
4881
6752
8928
6939
5606
1923
4878
7917
1548
7128
7324
1951
7582
6250
6113
2880
1856
7010
611
2295
6335
3113
3146
9656
7071
6796
2645
7339
6144
3624
9102
7500
2071
2959
4058
6398
4450
8596
9616
3825
7874
3982
8440
2541
5446
2479
4006
9361
7828
8284
9327
6242
2421
3893
8359
778
6026
4193
4161
1384
1911
2964
855
627
4515
2172
8627
4914
2353
3671
2658
1379
7519
2231
8800
956
9163
5401
6799
1398
1926
8493
3253
5159
2789
3310
8623
1239
3100
3122
5944
7733
6636
2981
5041
5514
470
5900
8979
3719
5804
2763
9689
4473
4064
5109
4278
3389
1154
7865
2654
5103
9587
3983
7883
310
3119
9839
7046
1223
9039
3777
8091
5696
477
2682
6903
453
5849
4961
7184
3352
664
7516
9559
8908
8366
1819
7536
6570
4635
9245
8162
1619
8589
1212
3503
8099
9549
1221
1358
7701
6195
1891
4425
9453
188
9072
7741
5701
8913
5841
3730
617
9859
6757
6194
8131
9728
4333
3076
6857
6781
9003
2955
1948
3995
6060
8152
8202
1996
2331
516
7952
9694
2684
5191
8585
4032
9784
9831
1678
9388
4181
2546
7320
1607
7471
5093
6287
4780
8264
8804
8030
5073
6049
1252
3883
3468
6020
3986
8672
3360
9307
84
713
4175
9313
8735
162
2292
7882
7843
5767
2339
3538
5533
802
8315
9907
9995
4991
4676
3614
8912
2027
8901
7981
7134
5768
5919
8975
3096
5561
7357
3038
5116
5858
5584
3564
5334
6290
2344
1895
9816
2802
850
7568
7215
9872
7157
6533
9417
6749
4466
1507
7367
7389
7684
720
6555
7953
5694
9720
375
1217
9101
3173
1958
3099
561
112
8076
6843
5178
228
4367
1281
7036
9581
2939
3542
1667
3772
8417
6523
3007
6270
9871
6444
691
4698
2734
7618
9618
9892
6535
6402
2550
7607
636
2816
5485
2778
952
284
158
3792
4674
889
790
8217
8166
9482
4281
9565
5668
4127
2561
9739
6217
5825
8849
3085
7150
4776
9033
8692
5670
1279
5739
8071
2584
8742
5741
1940
5275
8445
8046
2491
3260
7839
3298
4921
8267
8486
8614
9601
2990
6302
1201
2455
831
8978
6428
4805
8261
2611
7168
5099
5060
8601
1097
2954
4942
6298
7104
3988
5939
6048
427
5186
3396
3283
9363
3931
8776
624
3264
4277
487
4190
4402
4933
4823
3984
9931
8465
248
2904
8884
9044
7325
1251
2164
8
3498
1739
4445
3796
165
5488
860
9040
1009
5959
4315
9438
2664
7631
8697
3496
3368
885
7862
9658
8167
1196
5224
6870
9629
1472
1632
5820
9378
9785
5036
1121
3181
1584
9178
9552
3097
8931
2285
7971
2014
2706
3058
4213
3896
5391
2056
862
5591
7437
1285
3212
114
6025
9211
2304
8224
2578
6666
8475
7578
3033
5157
7675
7421
3952
1017
1147
9944
2432
6854
4946
2184
5999
1087
1118
4451
8789
6258
898
292
8744
2279
9878
6433
6501
7344
1321
2418
1083
6959
2232
715
528
726
8183
3079
8320
4735
9593
1132
1671
3434
5040
7966
101
6667
4179
8485
6825
1453
3457
183
1206
9891
1468
9951
3439
4558
8907
618
5045
7263
7949
7589
7744
8092
5994
1662
6191
2108
9469
5268
4025
8799
384
4241
7575
9520
4142
8699
6181
4485
321
3235
6315
2831
3833
9983
2609
8785
2489
5840
5821
6595
9422
6281
5676
6131
8688
9856
7178
7035
3350
740
5885
8969
2192
6982
2469
5942
4027
4217
31
8376
6474
2780
3203
7424
6983
3005
3583
833
1317
9444
2139
9384
441
5458
1050
8127
7546
4998
7322
5435
9863
3997
4965
9161
7402
4047
1207
5599
8055
3861
5540
4629
9922
2325
1815
6861
1589
6079
2689
308
2532
7640
3641
7031
3393
7898
5316
7642
3316
4381
1721
7726
3449
5796
8443
3040
5902
253
6676
1006
3574
4533
5137
1634
8778
4199
867
4662
7938
3814
4062
2464
2974
6561
2039
4271
4192
1203
4160
7833
3315
6135
1328
8939
3580
5442
8331
6189
3418
2773
3837
7793
1793
5641
9717
8170
7097
7286
8229
4166
4812
1213
1516
8584
8441
8863
530
4911
4301
7529
7376
3869
1215
3069
2430
7647
2466
604
6406
8101
4594
4734
4585
2145
7987
8066
285
537
9703
857
7397
2887
9032
7461
6090
200
1178
7278
7484
6338
55
998
5853
1857
872
6488
9087
3901
2266
3649
8904
6002
533
4573
7248
9768
3379
3751
8830
6133
4227
291
3537
1522
4859
393
3065
3362
945
9985
1817
8511
9804
5648
940
2744
3281
2679
2779
1108
5165
8777
9041
2516
9766
2797
3585
5074
2726
5947
1269
2725
6654
3426
931
239
4343
8230
1998
4670
5788
2606
2855
9828
586
7992
1254
6809
3778
1165
7672
6050
7166
4586
5411
4034
1107
1500
1767
3187
2518
4330
5534
2799
6978
251
4717
7540
4238
5362
6412
2524
838
9740
3701
90
1440
1556
3150
5308
7826
3334
539
6818
9367
3758
9326
6951
7448
2066
9304
8058
2169
7648
1730
3110
772
1887
1273
7072
1397
8902
5537
2315
3636
4397
1812
7646
8840
9537
2570
598
5644
2987
5337
2533
9687
1268
7886
9250
4989
9066
8540
5266
1051
8208
7037
7517
7866
5111
9452
8513
1186
1096
1698
4049
4782
5448
9442
280
4176
7135
8520
3569
5145
4267
7560
9501
4964
7502
2204
7961
8612
3846
1854
4229
7186
2161
3933
6380
1110
4122
4917
5764
5369
8145
698
6705
8940
8432
4208
2460
5594
5282
6596
6424
159
8436
8622
5205
9059
8500
7209
7984
9472
4337
9502
3486
2988
5092
1801
856
2009
6237
4556
3489
1934
3820
1448
6374
9200
6208
783
7542
5400
9513
6917
3299
6787
8196
2762
625
9698
9810
1521
3108
7570
6558
362
888
8460
2522
1894
5564
5848
1021
5449
5468
9380
4806
1642
6894
3616
828
7783
3674
8568
6863
5603
4811
1624
926
8757
1190
7137
5892
6413
8265
6260
8992
6443
2644
2020
743
7780
8291
5358
1296
3805
8015
9696
314
2889
4169
4077
8723
4135
2255
9264
1143
6259
9005
6918
4675
2156
3025
3205
6744
7742
4383
4709
1616
9051
9585
1636
5950
7827
1381
6210
2553
7878
130
4815
9499
8040
6631
5798
6661
5783
3863
2910
255
1004
9986
5284
4937
6441
5298
1216
9028
9821
2131
19
9339
9998
6291
6432
2559
1140
5454
7988
6907
3309
2508
5922
1180
5925
2833
5498
6637
6371
179
6486
7028
8575
407
9269
689
4570
4826
7485
8514
1680
9283
6285
4775
4200
7165
4649
9078
9753
401
235
8447
3507
7062
8296
3661
5563
9902
9529
3332
5914
9394
2863
3336
122
7997
69
2167
2568
569
2473
7042
9
7851
4101
1197
6099
4218
8154
9805
6562
7328
3867
5410
4648
829
614
9630
2356
1791
170
4
5793
7641
3287
184
9612
6382
5852
9385
1133
6266
826
6196
7957
2632
5405
1418
1419
4111
7755
8107
5474
1187
2411
3218
7763
1917
2179
6074
2719
2205
7805
3733
3444
3382
5565
5257
7976
986
2470
8327
8938
6868
7534
7511
8572
2957
3219
6730
3294
5634
232
1609
4500
6098
5285
858
4410
5965
7392
5201
2823
5049
7414
3713
7366
9611
3086
2163
2074
4144
371
647
9542
6148
6152
1081
2701
9491
9976
2873
9638
1572
2856
9067
6280
9840
1310
5176
4165
1741
7580
2468
1578
1727
4123
5502
8604
1424
466
1188
5032
9325
7668
7724
3690
4120
8435
6547
3394
7847
4760
2110
6145
1728
640
8211
5327
7958
3530
1848
9901
1715
4184
9187
7412
8268
5654
6465
5508
5322
2273
613
7403
7888
9835
5842
5575
1781
1769
3505
8463
7727
3627
9237
1365
5799
6147
3277
3472
5727
5007
2509
3795
707
3599
3159
7431
2323
2000
9930
9120
1476
8363
4117
7181
4623
6553
1686
5795
3609
23
1570
8965
2011
7138
6385
1297
4535
8067
1746
5108
5818
1533
2530
3999
1762
5169
47
9369
6719
1060
6544
2720
3648
7728
8318
4804
6712
5237
2727
2128
2297
5904
1011
7944
4492
1774
9580
472
8373
211
5725
7483
1489
9645
2826
5193
8390
7445
6146
3590
9886
7926
6986
602
1687
3949
3335
2342
793
2321
3140
9050
3787
784
5112
4781
8855
5360
6453
5808
4052
8412
357
2777
4400
1615
6708
3591
6668
3438
9381
1544
4943
3874
9465
3408
6502
5356
7503
3593
7309
1683
6204
3602
9393
5691
8319
3765
9760
8579
4925
6673
5320
2525
824
2961
8458
3147
7747
6893
922
1653
4587
1280
3970
1502
4762
4067
657
1224
5867
4061
231
4984
115
353
6168
244
2896
6058
4246
4718
416
5590
9794
4059
2394
9869
356
8137
6764
7354
4944
4311
7111
7190
3484
5923
2223
8410
2351
1371
8853
8770
2704
7390
6115
4729
4746
5402
8352
7364
1105
5479
489
8516
1467
673
1339
8293
4237
4512
8691
3877
3158
7657
7688
8394
9894
4777
4265
6300
7998
7521
8882
3390
3447
7241
1618
1610
9887
7790
608
8643
1205
5766
6550
8343
1771
8966
5126
1300
7197
7652
6
5151
5261
8144
9428
1481
6599
2798
1750
8239
4773
3228
3198
3329
1960
1115
1703
3296
7551
1088
7602
9464
6083
8442
7148
2643
6381
9826
77
9225
3573
2970
4350
8854
4211
78
8175
3500
2190
8869
8505
9082
3732
7614
8181
6802
1988
6610
7494
458
3103
2650
688
2857
8725
696
6339
2832
3771
9674
5505
2637
7789
4086
296
5953
8418
1713
66
9182
2061
392
43
4254
4147
4651
160
3601
992
2042
1503
3992
3976
6328
7870
554
9418
5557
6899
4201
7067
9992
1194
3454
3215
6071
6422
9797
4634
7065
7303
5354
523
3684
8967
5675
5638
9561
8364
7230
3755
2690
3611
5510
6183
430
7686
2552
8013
1376
3192
7840
7043
8745
3848
5160
6581
9009
8374
9344
6061
8454
5970
6047
8387
601
9640
5746
1935
5972
7446
7569
5558
9199
9926
4385
8565
9331
7863
9928
8836
6101
7428
1560
1880
6000
6364
8195
2890
8395
2861
6510
5379
9556
773
4155
8124
8985
6989
2198
3555
1049
2875
6089
651
2804
5651
7613
9654
7711
3502
2155
8188
2683
34
8380
6884
5684
1695
4562
3035
8455
3568
3958
8635
6468
5597
7913
25
4430
4359
1278
2416
8802
967
8820
3936
7000
5313
2616
5828
7481
8186
6327
1
6056
9057
9485
5699
3088
7751
8194
1597
4319
6437
789
6039
3349
9982
8401
4504
2631
5487
9562
486
9279
2771
3577
5572
6571
8858
1142
6182
5143
4514
4460
5453
9355
3581
7081
5392
6773
6206
3106
8339
9399
2193
2373
719
1600
7644
3696
7355
2499
1116
5926
892
8205
1729
8599
9194
2457
1153
4971
1809
5368
6423
8803
8889
8297
7087
1289
8619
3512
2776
610
474
2090
6241
1360
7573
5225
3055
9317
6788
1942
2403
5822
9265
6458
7532
9205
7936
2435
7022
7433
3084
1625
9751
4632
9316
4730
3748
8630
5054
9662
4162
7276
5166
1941
5573
511
8620
8653
4150
8638
2711
2531
3220
1666
7093
5802
9065
1057
3347
7382
3773
5017
3063
5033
7795
3052
3605
5355
9692
3116
4892
127
7003
3322
246
5879
4856
2312
7100
8474
3172
6658
5181
1315
6521
1420
5863
7891
1778
86
2228
6154
4233
5477
742
4356
4369
3120
5660
8982
6771
6471
4465
6882
621
2815
3330
2118
2712
6086
4602
7674
6073
3171
6912
4907
4537
7456
1794
6088
4644
1808
4248
3882
6740
5055
8997
1344
9437
1403
9550
7159
9864
2127
5492
4744
3206
9569
7049
8704
5973
4028
4509
4830
1074
3123
5182
7350
6984
7931
8174
7715
9996
9515
4418
3947
7124
8958
993
758
4411
4205
8760
7217
5067
9149
2914
4834
3359
8052
3376
6931
7398
9670
6054
6905
5605
1311
6459
8798
8308
9673
5787
5417
6539
9763
3474
2429
5427
9175
9849
4877
2428
5128
8983
7810
3923
5550
5673
6008
1871
3791
2109
5301
6517
9243
2363
4574
1413
662
3501
8035
3514
7844
4468
3405
6257
1845
6828
7020
4414
6292
9319
421
4809
7244
5047
3473
804
9047
1676
6367
8822
1878
7932
275
7405
1865
502
6143
563
9373
7807
5884
7822
2705
6427
5106
2952
733
5483
4879
3619
7720
9167
8720
3115
2215
6684
7108
642
6930
2843
1922
9704
8502
3420
3763
3045
4658
8157
2615
1673
2838
7153
5954
6593
8169
5915
2224
8851
4694
1803
1497
4849
6004
4896
6646
1827
5982
2785
7571
1195
800
6481
558
9458
9434
9055
9179
1477
5756
7920
1152
5543
397
1450
7915
983
9648
5864
4747
2599
8626
8149
2390
591
4203
7708
3823
5443
749
7880
9647
6988
4225
4486
9063
7315
9657
2101
3527
1956
16
6947
2775
3272
2335
8250
9487
8259
482
8681
2282
6057
2188
2401
3754
6683
9649
9554
7127
7838
7258
8282
8981
3148
564
6188
5491
8649
947
2036
4728
6695
261
5196
3963
9447
2966
1604
2986
9411
3553
3070
2495
7388
9994
317
2229
3271
8642
5962
6271
7107
9322
5976
152
8148
9723
3775
2300
7737
8957
6451
6540
4447
7277
1106
8949
9303
8085
5138
2784
6832
9405
7899
1513
6557
3183
5860
7406
4722
7462
2214
1869
6470
2477
2922
2978
5602
920
5525
5909
2062
9544
9517
4661
6200
5726
7297
4501
21
4664
6274
201
1492
2860
2419
6349
5460
4752
9726
7469
8898
825
5960
8771
4617
2084
745
3386
4074
2051
4102
3945
882
7505
2872
7723
9174
6835
3824
359
8419
6092
7208
9567
6337
3955
5524
4619
1598
372
7074
8859
3729
3385
6704
8271
2502
5086
3522
7032
2878
7760
433
2007
8600
381
9868
2431
5
3343
9109
4170
1652
6248
2220
3401
8525
5197
6487
7887
2807
581
6207
4214
7685
5252
2389
668
7311
9962
7756
2068
8941
6655
6812
8298
5058
9093
3265
1449
4607
670
436
3603
2311
9359
4854
6403
3003
9708
3176
5532
7353
8024
3308
4347
5754
8974
5713
8323
2138
8287
638
1114
3518
2526
6526
6405
8815
6804
2694
2264
4263
4906
5415
1691
3656
5697
6519
2708
9440
9568
2034
4082
505
3633
6460
541
5946
3903
5230
781
3659
1557
9961
4950
6324
1412
8424
7155
5066
6659
2818
3428
6404
3688
6365
5113
8497
913
1693
5364
4269
5888
9803
8558
8905
4118
4189
7770
5076
7705
3031
5948
6785
218
1409
2888
8405
6944
7911
9413
4065
9113
1788
125
7635
193
4131
532
9879
8667
3009
1390
1740
6642
3333
9278
5850
8549
2252
5933
7455
5314
819
5809
4565
3969
6388
1547
4351
185
9775
3725
5283
2236
8868
403
6027
2657
234
2358
9660
176
422
7466
5801
1191
8316
7757
3251
4339
4426
5711
9535
7588
3042
3921
6379
7439
7809
6782
9305
1797
1532
4063
8120
2907
3292
3524
1567
7665
970
6178
2069
1286
6171
7831
6353
1658
7601
6864
4563
1719
4546
4268
2600
7802
4579
3617
2025
1638
6167
3515
939
316
6179
2148
6361
6511
8856
8090
5220
5862
9089
3607
2406
5331
4113
9475
6572
5734
535
10000
7639
2159
3888
2065
5376
9584
8714
4081
2275
5478
1975
1047
1955
2490
9333
4386
5659
4559
5501
4628
2227
903
4527
6680
4653
7302
7848
8954
6528
3731
7313
9233
4455
4133
5598
5039
5069
818
1552
9253
79
6334
8242
8494
210
8072
7305
774
9910
9598
2743
4916
7956
9970
4432
2696
9228
7621
3001
5912
886
4282
1445
8684
8971
7548
8654
847
9746
6968
1785
2382
9370
6620
4684
2412
1674
771
3840
7411
9290
3202
9248
8383
1324
1182
5091
693
9125
3250
9171
3117
1519
5807
1783
4981
7334
6624
7252
897
4508
996
1029
327
6886
5250
8471
6762
5216
6726
5466
9606
3383
5680
7450
3829
6190
7449
5200
6751
9054
3381
6852
5916
5070
990
149
9752
8045
4867
7436
6442
7271
5101
3704
20
8123
4947
180
3650
1000
9507
6644
1469
4702
6436
8285
2079
7673
1558
2341
5050
8651
7950
7889
9530
3492
6604
3782
5724
5330
4439
5887
3922
9214
1345
323
8192
4566
7680
2106
6394
692
6041
2035
8347
2980
9148
8679
6765
6354
1593
3087
1530
5625
295
4841
6839
3812
5085
991
6359
6972
5009
238
7051
217
2809
6626
6574
5669
8702
9597
2793
7475
1199
6858
8661
5305
2278
8484
7026
5418
1830
8093
2607
8005
3776
678
6990
9637
2870
2916
3132
3929
2891
129
3762
7996
6869
7718
1395
6476
3686
8911
2733
6345
2747
3406
8139
3743
5619
7879
3866
8879
1070
4370
5388
596
1137
6750
5882
4422
5277
661
4740
3790
6126
1100
9617
7559
5332
7170
2125
1989
2305
4480
4198
8617
4524
4683
3975
102
5123
207
6213
2702
4902
9663
8459
550
8420
799
5339
2463
9664
6687
2132
4066
7360
8772
320
9969
7008
157
6028
4188
1688
702
4900
6198
9781
198
4808
9343
8151
6082
6606
7194
1933
6850
8577
9426
8428
1924
35
3327
2334
417
163
2117
1447
3666
8541
9553
5744
9318
5393
3095
7090
8887
6643
7179
4002
5397
7539
6363
1993
7101
3818
4913
6722
7099
3780
9456
8425
408
6840
9232
4665
2738
5175
2497
5649
3074
3191
9184
2598
1535
1470
4084
348
51
6456
5719
7473
2467
6031
7327
5732
6551
6482
792
4374
1432
4132
5544
1528
9292
3761
7714
5153
3285
8570
549
9013
3170
9263
9940
866
1775
2413
6790
2348
1313
1168
50
9088
6407
4361
6408
6706
8129
8686
6042
222
5794
1931
5141
4938
6807
8706
8521
8007
7610
7490
6268
8736
1872
4633
9563
340
2909
3664
1059
3886
9668
2130
820
9386
4409
3717
1135
1238
5272
2836
8003
9416
7596
48
9286
9358
1454
7869
2742
4433
6677
3475
6607
717
4107
7814
2624
599
5434
7769
2605
5504
1826
8807
9564
91
2791
7923
8972
57
387
2591
3351
8017
6072
8644
2759
6727
7651
4259
8536
4851
7384
699
3683
4831
9312
2496
6084
4726
989
175
3378
7959
3241
3720
5024
3822
65
1622
9514
221
5129
4884
1035
9558
4778
8461
5013
1551
5290
8115
5642
1460
7710
7954
4100
6066
120
7933
7282
3270
4152
6640
6971
8362
7746
7654
9655
9506
3724
3847
5499
9699
5790
7387
6729
3370
9408
8557
7399
9099
6201
2930
4975
4253
7576
4904
6023
1045
4972
2393
7758
2471
9031
7337
3860
3247
6575
7117
3759
6926
6212
8769
406
3513
2329
6625
339
4993
245
3225
9136
6489
454
4090
2058
4112
9133
7142
5570
7291
5714
6538
1309
2585
8755
8833
4344
9356
4604
2858
9671
8014
1002
8764
2915
3979
982
1928
4673
3954
4790
8227
2162
6184
9223
4458
5881
9594
9786
3742
1383
7468
6127
2781
6346
3415
2764
9924
9091
9112
5816
1237
3149
6879
1520
5937
29
8312
9457
2601
3494
9360
1010
7234
1755
5104
1916
5353
5011
9468
1504
7732
7896
2581
6967
3835
9531
2991
577
8655
4692
2897
483
385
1876
4129
6628
456
3431
1802
1908
3221
5171
7147
1577
5938
4589
4595
8873
3032
258
9476
3806
2114
8439
2596
7426
6855
9583
3093
3286
1272
9046
2517
4799
8351
8256
5978
9943
1836
4154
6344
8114
5935
1915
1055
9848
4384
2722
4976
5173
8273
6696
3939
4837
8326
7522
4408
1275
3193
7338
1837
5280
2629
14
8489
9124
7378
4505
4087
5273
3737
419
6623
7637
9777
7969
4872
5172
3932
3125
9197
4443
1515
4072
3734
863
3417
2380
6662
5920
3432
4406
1718
4427
8109
3819
3182
5886
2054
3667
7044
8793
764
8726
6279
3520
3425
8562
7070
7877
3008
7599
6238
3175
5774
6012
9609
4689
7015
7512
2409
9918
1787
2249
9463
3194
1694
1870
1829
5370
9111
5044
3318
9008
4770
6286
808
3541
2104
1648
2019
6657
3259
8724
9096
5404
5023
7627
5538
1005
8984
5008
1282
1944
8788
4389
6288
36
7977
8042
2673
8926
7425
202
3262
7499
9308
8852
7748
9146
5046
4754
5390
3077
1259
8070
8246
7598
8839
9246
3384
8384
6038
8482
4001
7467
5012
9604
146
559
8749
9540
6509
1072
2328
5515
7634
8892
2956
4140
9536
8203
7496
5164
1542
1136
8483
7222
8583
8864
1318
7144
7224
2258
2565
1244
2465
5003
9315
5328
281
6322
236
9202
4413
894
9884
9473
9119
8236
5720
2786
4313
8632
3199
2402
1175
4357
9633
8710
6679
5494
2189
83
9268
1046
3770
6806
1861
4104
4106
3912
7702
4341
4060
3041
1089
8759
4687
5426
3793
4260
4688
3429
63
5464
8694
6633
8084
3222
7497
6340
5650
3689
2697
7507
7719
5241
5027
1425
2462
7006
6961
3290
2535
5202
7336
6779
1359
3714
5441
9788
7109
6289
9700
5035
3190
964
9144
4992
1354
8064
2529
5608
6140
976
6052
8669
822
7347
3174
6024
3760
9811
2092
1772
1720
6105
1807
1531
5772
2191
1028
936
5387
2678
8740
7206
346
1587
3145
6725
8808
2982
8178
4108
9239
3680
3107
5748
3618
4542
6175
6578
8414
8766
1253
6741
9605
4412
3037
1974
2669
8342
1335
1389
703
8341
2756
587
2044
3612
4994
133
2996
1832
8566
8247
7590
2046
8639
1475
4042
3092
1353
4693
4539
3816
3013
9615
794
6721
1431
97
6430
1463
6103
9100
9989
7611
2817
5297
5147
4541
6641
8678
5957
1614
4745
4250
8117
7937
1591
6584
1098
995
9903
4860
5830
1274
2812
70
6776
4663
9719
4394
5473
3021
2265
7029
2618
5119
1056
412
3673
1174
769
4223
9247
5102
5617
7784
2113
2724
1341
6493
2404
8750
9963
8787
6587
4525
5131
2246
8199
1583
8832
6032
5253
3458
4613
5002
2676
7854
8609
9221
5832
6652
5552
8857
5087
288
4124
2851
247
4932
7983
6639
5090
9980
8825
7781
3741
6176
6255
418
893
676
8029
9218
3533
7979
2377
5010
1952
9486
5110
3226
3313
6605
4757
9860
3851
3061
2359
4401
5910
8467
9097
9024
2572
4606
5917
6981
1983
45
7523
3209
1566
2905
2447
7272
3388
806
7223
33
6552
3653
4003
4923
6720
6106
4387
2633
1541
8765
5791
5897
9602
7999
9631
1555
2225
8416
9332
4898
5671
2687
1037
8998
1446
7374
6134
841
4083
3053
7440
2610
1122
1193
8449
6844
6378
1158
1370
868
143
3941
3371
4763
6590
2545
1042
9004
8945
9667
7636
5247
4625
509
6837
2735
4226
6841
5893
4380
3789
1574
8915
8813
6927
963
2597
5179
8135
3669
895
4836
6794
4890
8948
3392
3422
3098
5693
1697
6019
8016
4239
4511
7799
887
1234
4041
5823
7228
8106
6915
958
8592
1937
4821
1260
7280
75
8231
5623
7538
1332
8616
1053
6362
7700
9017
4974
59
4449
5952
6421
1910
2564
8871
6243
9425
2375
905
9069
8438
9284
6446
4498
656
2928
7359
7786
5450
641
7504
1685
928
7257
4988
811
3779
7080
1479
3821
8629
5279
3915
6532
9011
9193
6015
4888
1427
8399
5238
2588
7603
4043
8408
8587
8263
4783
4927
1160
5943
1399
7226
935
785
2364
1585
8846
1192
7120
6748
3987
8086
4918
7934
4681
6546
9391
6313
3279
312
4576
4610
3440
2032
3948
5395
2883
4197
4051
5341
5194
3141
383
9126
503
6174
6416
9160
2398
5622
1853
493
1985
4331
6836
5274
1864
1855
6321
7214
3589
9402
2892
5700
2149
8427
8173
6742
4463
131
1471
2898
9847
8126
447
3030
8075
7918
431
517
5806
616
6603
5227
8336
8322
2984
7012
4657
1243
4050
265
7661
3314
7300
1066
4375
5281
8179
5831
9771
2886
6299
1498
118
3699
4875
9240
6454
9042
9974
9911
1838
338
1474
8025
2461
832
8333
5267
3451
1752
2038
4548
8153
4103
9231
2732
6865
9576
7948
3288
6900
1603
8068
3843
5545
9927
8400
7734
135
6455
3646
4912
3511
9018
8182
3698
2593
6949
815
6530
304
570
7670
5481
8269
4715
6067
3023
9259
9064
5420
3810
4231
9098
3876
1867
2392
5476
7185
1451
4549
2519
2749
7986
5378
6778
9025
4094
973
6414
6527
522
9241
7557
9957
4636
1786
5596
1757
9738
3139
1242
3613
9376
5857
5223
2623
3245
1338
9808
6728
5997
5865
8377
6477
9480
6529
6597
8000
7856
5115
585
5707
6732
9497
9493
5908
4506
4941
2822
7089
7645
7492
8608
2080
6559
2906
4472
5319
2740
2241
1400
8746
6715
8741
7864
488
2994
5682
5995
2123
4798
2294
9310
358
3622
76
9227
7011
4085
1226
5343
3935
1863
2142
7853
8737
5869
8838
9461
969
3966
6304
4076
7858
7027
9080
6130
194
3487
5065
3964
4768
4605
7811
5120
6420
2120
3062
7146
5740
2340
3060
8698
1027
4874
4045
8371
2197
9015
2107
4682
8220
7894
3550
4457
5456
1241
7638
9780
1493
1782
2999
3757
7152
9966
1689
4216
2507
891
8602
1219
4323
5645
5963
4538
9342
1650
1792
3950
9410
7102
7164
12
1464
6068
7123
8132
5361
9920
1672
589
2590
95
683
8507
5633
4952
7797
6830
8933
869
6219
2608
3104
6295
6759
5624
3450
9297
3899
508
5235
7906
2037
5383
4655
9838
1640
3967
5380
8340
4435
4324
8665
5082
9282
5375
9599
1352
3413
3163
5880
5088
9357
1811
6792
6703
13
1919
7690
400
4291
9455
543
6615
4488
6737
8476
3594
9857
4997
955
6494
637
3189
1991
1968
3436
9764
1748
8309
7200
2010
3557
6505
9234
5824
2717
300
7285
5457
264
3305
597
9162
5292
9409
138
9267
269
1361
9652
3709
5988
7553
6688
6464
4936
1145
584
6819
7266
8748
910
8332
3911
504
7198
1101
6370
7940
1336
712
5048
3562
1716
4177
2268
9309
5520
3047
7801
6314
9641
6747
5156
7274
4021
5615
5206
5751
2670
4046
942
5742
6977
3902
3476
8142
3039
2884
1139
9979
4276
8026
7130
7709
7908
946
2960
4934
8158
6714
7518
438
2924
5195
3137
4751
6229
9392
395
9923
9257
5835
2971
4567
459
900
9807
9724
2810
2415
5546
7649
8241
763
3716
8615
1669
6718
8121
8112
8477
7205
4444
3239
4056
9929
5934
7716
5019
1795
4593
24
521
2150
1355
9745
9938
8683
5722
1163
875
1164
2867
5029
8920
8357
7632
7765
5052
7429
2902
5144
1734
4646
4326
2420
9813
7113
3560
2806
7586
2089
7885
274
3200
4551
4141
7110
8909
7247
9870
6356
3380
3529
1495
9947
9952
3029
9959
9244
56
366
4396
3495
1668
7928
6297
2119
1859
8664
1681
402
1635
2538
5519
3263
7281
7759
7806
6531
4230
1743
2862
6491
230
6889
4840
2709
605
2655
6904
9861
9733
6611
3445
654
2078
1333
2082
5051
497
8360
6220
977
6542
2967
9185
978
1071
5096
7418
1576
9347
6078
2953
4980
7491
2760
515
5541
5440
8279
2405
7295
191
8959
4796
8543
3894
9289
9401
7904
934
2715
5567
4863
5122
5296
5627
6770
9854
6902
6516
9071
9678
445
8033
4803
634
9650
3231
3323
5214
2352
3421
6909
3781
4018
5289
2514
5276
6996
6245
7609
1348
9866
9732
5940
5553
9277
5929
4598
1890
3956
5269
1349
1559
6033
5758
8191
9991
5244
4172
8002
3608
9352
4156
1124
4441
1722
660
9715
9575
9644
7660
741
1602
8989
6309
8715
3195
5014
5895
9086
315
9349
4545
8223
4206
700
6095
5240
4614
4148
8925
491
1969
6564
5781
2998
6221
8219
3201
5063
2105
343
4325
2487
6209
874
708
7210
4963
174
5084
3412
8496
9095
5271
2326
1601
2272
2919
9137
5992
3578
494
5618
5349
8934
797
1582
4298
6650
8606
3745
4307
4590
6187
3211
6612
223
8379
8134
4857
58
7365
2016
6070
766
2963
2794
7722
6096
8313
6267
3865
7246
1950
4048
5310
6638
7860
3274
8875
4022
6269
5255
54
3620
53
6576
9651
1954
8011
1069
4725
4186
3854
9900
6122
2049
5792
9350
1350
1007
2250
6524
1789
7824
4285
8631
534
1796
7055
5518
6390
2181
4264
9396
8503
6440
8786
6873
5350
171
2587
3437
3255
254
871
2234
6011
9999
3011
1945
6064
1019
3404
2929
8987
9026
8531
2917
3852
6163
4009
7465
6849
9837
6999
8023
7691
3606
3565
435
287
5991
80
8018
3584
4395
8207
142
6734
4953
4496
3855
8835
5057
5053
2951
8951
6110
1550
1886
4979
2332
2932
8763
9208
805
3073
9686
3746
2448
2176
8155
4446
5755
1594
8260
6172
9353
1255
979
379
1972
3968
9822
3207
730
4819
8423
879
7066
123
5325
1034
3559
2261
6262
4372
226
4939
1701
2121
319
2560
7191
2885
7563
4191
1590
214
4869
5359
6055
3707
1970
2790
7946
2015
7059
9424
7905
7048
3082
4517
367
2298
7408
6395
9682
1170
9779
141
8350
2043
5666
2768
7974
6842
1363
3660
2513
9387
1877
7256
9169
124
5366
5728
4407
8049
8970
2527
8034
9798
7813
8625
3526
8292
3462
914
2972
1257
2839
2940
9296
5789
9889
3311
7474
7318
1044
8171
1128
8779
4591
5647
9049
7091
843
1902
987
5242
7161
9107
4580
1287
4668
1986
8100
8510
9571
2346
9073
1846
883
1943
5371
92
3504
2569
6767
560
7416
4491
240
9917
1031
6097
6197
3346
1090
3951
8094
8468
4255
3832
7079
7122
9483
2680
413
7154
9056
1404
4365
6632
3930
7
4672
1013
5652
9516
6689
5667
9157
4159
7572
9295
6369
2290
2710
9449
3634
496
7242
5344
2501
294
5105
9201
4180
9748
8988
5574
5208
3910
3337
5706
434
4697
1423
908
3804
7818
4852
1288
277
325
6375
4151
128
3319
68
1368
5062
49
8534
1932
347
2182
2271
3317
5956
2
4424
6112
5407
5016
2721
4882
7317
2221
8722
3105
5506
6827
5837
6062
4800
2566
116
6283
4481
9874
4966
5078
2772
9505
2748
2440
1647
1357
4795
2439
3234
929
3300
7972
5177
2059
1443
4701
4494
4829
4596
5185
2751
8545
8921
2355
4789
5071
5347
192
7341
9853
4316
3859
1654
7464
567
9083
2063
3156
4967
951
6871
2201
5826
2765
2761
9403
1113
4616
2576
4479
2030
7892
807
5906
3059
9676
4731
5643
9582
7552
3374
9955
6149
8668
2965
8812
7584
4272
3868
3453
2408
9379
3267
4529
3519
9770
3726
3853
4442
6094
2651
2437
1076
7970
4304
5918
3625
1112
5658
5763
6235
2064
6549
3471
4638
8914
8479
1490
8141
7239
8673
6499
603
5765
4922
2944
6244
1564
7695
282
5844
6867
777
355
6351
8743
4711
6985
9603
5413
8314
2422
1961
6075
3446
4828
8300
6943
9875
6164
7803
3845
4030
62
8299
1760
1265
2115
810
915
3631
5416
5628
7564
9242
2060
6497
3635
1382
2238
195
5894
7265
9494
5500
6923
2874
7712
5215
6798
5579
8495
5761
1117
7947
500
7351
2330
645
4075
705
6029
4561
9702
9035
1327
5717
2617
5854
3423
9586
3243
6276
4779
9454
9523
9068
9252
2283
4232
9538
5613
9374
1167
6630
5526
6397
5803
2993
4855
8161
5678
7220
9329
7267
2675
8824
1038
4476
9030
632
3521
4987
919
2746
3090
5631
2263
3493
153
7825
9988
1258
2728
9492
7962
2097
5482
3892
8372
2698
3596
7704
9336
8375
1984
5555
2314
7019
1306
1592
6391
4825
4345
5566
9767
4015
9661
467
4228
9865
4088
7945
2521
7115
1896
6157
3539
4212
1250
5531
6045
365
9048
7989
2267
333
7045
8963
4173
836
3244
4521
1842
8346
5635
1737
2160
7459
5233
6945
206
9610
2555
9824
8056
2333
6656
5278
1362
3623
4262
5312
4640
3668
4905
5168
514
6018
5475
2317
8433
5859
1800
1573
3237
7269
529
2923
3363
8891
4897
1211
5664
4286
9750
972
4293
7717
8478
5198
3
7213
1963
4360
765
6563
3938
8775
9749
3897
9534
9496
8611
681
927
3240
3543
6009
5373
4145
4314
1391
8289
8660
4448
7060
5232
5861
2357
5692
5690
1753
2319
1235
7528
7495
6452
3676
9833
4695
2973
8680
498
6479
5702
7794
7619
7301
3826
7620
3414
4487
4026
5747
7561
1868
7782
6925
8956
495
8396
4240
4109
8321
4719
6043
7169
4647
5811
8593
8530
6263
6021
3395
6924
6697
8886
2592
9432
557
3400
1157
4146
1820
890
1043
8421
5204
5288
9276
7764
8349
1723
2134
7698
6651
6675
7340
8662
5020
519
6992
4355
4797
6896
449
3129
7777
7270
1488
9600
9625
6980
6173
3721
4962
9897
7173
4130
6692
4583
38
4873
9913
8647
2627
1733
6946
3152
7024
8054
2073
7182
6897
1626
9867
3027
4195
1015
8365
2845
64
9845
3411
3208
7994
2943
4940
3682
1099
7383
8797
6820
5898
1144
2801
6306
6560
546
5903
386
4659
2850
6860
9362
901
1307
2445
4174
8586
3563
738
3764
5875
1240
3036
9372
674
1094
9899
4507
8894
7041
8146
3540
5236
755
7348
4204
1416
1487
2452
1172
3652
7605
6682
6252
6822
6389
8739
5228
6769
7875
208
1900
827
374
9204
81
5222
8087
7593
1455
1411
5721
1565
1222
1173
9238
2077
4818
3531
2835
9677
9114
2262
582
9471
2286
5528
2783
9706
4279
7151
5336
2369
6975
8782
2865
7924
2177
1599
1316
5571
1343
7119
8080
9415
8709
3918
5412
2180
8578
9341
1763
7669
3552
6743
3974
155
9389
3551
9987
8603
3998
6399
8469
3919
7612
8391
4969
6475
5646
6577
7077
9108
7487
9151
9953
9714
3744
7567
5264
3324
6129
7868
1401
2542
6069
3535
5586
4436
1189
3834
8498
780
8361
7841
8526
5527
8937
7379
3685
9881
389
2449
1995
9203
7423
7143
6694
2931
752
4996
4390
8512
3836
2153
7293
4405
5846
9123
5687
9077
9972
1860
880
3711
7298
4645
5306
9941
9474
6063
3372
5833
839
156
6780
3628
5776
5015
3252
7547
2757
7331
8136
5969
5709
4557
1130
8105
6014
307
620
6485
2792
4833
342
297
2849
1611
9608
140
3128
667
6150
8556
272
6608
4305
4502
9122
1608
7543
8847
3435
1841
525
8462
7212
9016
7261
7595
9090
9993
854
5203
219
4210
3321
8249
4864
2053
2979
2977
181
3442
9693
3900
7912
3784
6326
2022
6431
3663
5311
5083
1033
5300
4615
7321
3962
1966
1571
791
4467
7975
4767
5162
5148
1898
6429
9981
6672
1305
5357
1079
7482
6859
1899
2571
3708
5321
8206
1905
9908
8947
7368
2770
7195
6158
2614
2005
4705
9793
6670
6758
2803
1387
7493
1563
9695
7132
1103
3989
5444
949
5990
2157
1119
9511
7735
9721
9850
10
1679
8696
1210
1731
1704
5535
3536
2646
8059
4727
2620
8844
4033
1162
1303
5146
3925
8872
9512
2912
4404
3034
2820
1247
4622
5315
8942
1304
8581
18
1833
1824
6386
1131
2075
4631
6665
9844
5551
7319
4706
3588
1483
3127
276
9366
3856
2362
1330
1169
104
3397
7395
1256
2767
1764
8955
6294
9683
5155
4207
2894
490
4284
7955
3916
6534
1509
6649
3887
1052
4478
7488
4627
8345
5026
1372
786
8590
2699
1881
3307
7040
6496
7738
6439
7655
2636
7745
8386
4772
1248
2671
1921
4069
3048
2604
7951
859
8283
6877
8932
3358
478
4850
4764
4865
6366
7692
6660
3914
7345
5705
9249
2500
5577
3566
8248
4031
1699
6109
9037
8821
3284
4699
9755
3469
8356
7349
4353
9330
8147
8451
2635
1799
1127
2426
2407
3693
2661
1862
876
1323
415
3072
5374
9323
1040
7243
2170
337
3026
9213
2474
1978
8717
5983
9470
7050
8228
754
1491
8552
396
3186
7458
3111
8880
4440
2399
4010
6372
199
840
439
4791
3644
6935
7451
7832
9420
8535
7524
4000
9181
812
7204
7394
8701
336
9251
1080
2379
8238
5286
2288
6616
6034
94
6046
5021
2173
5158
782
398
1325
2908
3917
6929
8561
3750
5455
3015
1159
8406
1938
1627
6467
4270
4827
6772
7650
865
3466
8553
4707
7628
7791
8019
7171
9672
5217
4714
6301
9027
7296
6964
5872
7125
3798
7663
6582
6224
1575
3024
6310
1249
3067
2388
9451
9002
3857
5757
3927
8429
724
1075
7332
2975
3248
8827
107
8378
7910
8190
6462
5463
368
5949
8893
1293
5814
3875
4523
5365
3345
9665
2146
2021
6156
8533
4376
6123
3728
7251
4364
6132
151
6995
4249
6503
1367
5610
9876
9713
8032
2551
8964
8258
2989
7199
7587
7643
6495
6350
332
5856
4007
4429
7574
8116
9158
6921
2274
3528
9890
2040
5924
2488
5901
204
8232
4786
9741
653
706
9121
6449
1001
137
8641
8700
4335
997
1434
1835
2494
7604
4930
6401
3774
1526
8140
7346
4149
5595
8781
709
7849
3224
5559
4848
9787
5184
3278
3133
9830
3548
6272
547
5815
4999
2927
9772
6613
8555
5248
1473
3273
8708
8677
8559
6756
1246
9614
6199
9659
6155
7964
9258
3943
4575
9488
7083
594
583
2446
9806
3586
735
7550
6645
9256
7857
8006
4667
4844
787
8968
1700
7453
7442
3482
4040
7772
4536
7290
6418
8172
3908
8393
7030
732
8294
7837
3978
6934
9445
7754
7235
3091
9607
5998
4802
8088
5813
8275
6343
335
3928
7236
37
3506
5547
73
2458
2903
4283
2456
7852
4554
2630
9462
6739
6824
5307
1346
437
6970
3057
5580
5377
9293
4379
5845
3499
2199
6409
5431
3675
2868
5465
4755
7600
8286
161
3044
6093
6954
2165
9165
7463
600
2693
5632
687
579
7435
4415
9744
7995
1120
2324
512
5170
220
5683
980
3223
4949
7273
5637
3071
716
9152
4522
7993
1840
6445
5005
9669
5549
6185
1058
8711
6653
9757
8163
7118
6273
1322
2848
5889
6813
2796
7927
8659
4630
630
6186
1134
7982
8074
3747
1091
2475
7288
2296
6647
646
2251
2667
6137
9701
1644
3678
9195
8487
8305
6618
3884
6994
2755
8295
8012
2367
695
7477
4078
7232
6236
8929
9345
5989
3467
6594
2877
3797
3227
7103
5351
9254
3022
7275
5295
2515
3068
2459
6627
2574
8607
7489
1714
1369
9842
4292
718
4765
5121
1982
4119
7980
1429
2277
3242
4348
8791
4310
8252
9131
1553
7009
9577
4758
225
8031
6159
8676
8544
1959
3722
2124
6222
6685
6936
7990
5639
1784
9971
9622
9150
2925
1821
3479
6307
1078
9275
1298
5620
6648
3018
4986
9635
3587
1020
3849
1111
3354
378
8060
9681
9623
2168
167
7053
5593
8382
3889
4092
6332
8330
5981
7363
2837
270
4399
8834
2206
9155
6966
7131
3904
734
5239
3261
1326
446
2782
2081
8923
9518
4919
6707
5133
2203
5348
1884
7086
6234
3961
2945
3365
4901
5810
2534
3598
8270
2383
3306
5984
5762
3870
1501
8509
2937
4194
6108
5089
4300
2481
3424
4553
4303
1012
42
6202
2453
5338
5212
5180
6136
7417
8065
5836
2718
8004
1459
1085
8733
9624
2366
6117
8079
8866
9710
1155
7034
4578
9216
9142
2619
1364
9510
5187
1026
2540
8097
3276
2642
3459
3640
3702
1388
1176
6993
5829
6891
1947
1465
916
2918
8919
4601
542
5779
2510
9954
3229
8047
666
4788
9450
545
9627
4209
8021
3188
1930
6815
6953
7678
4600
1276
2583
2112
3766
2086
9958
1230
6311
9189
3000
9756
1482
5759
4748
3638
4153
9159
8501
8917
2548
2004
1505
7326
8605
7192
1396
4363
5780
9997
9909
3478
9743
3357
7163
4115
5560
7240
5785
5406
3402
506
9311
1883
5955
6760
2111
9527
7058
5408
6007
842
3054
8430
864
334
3545
8480
878
3544
1874
2626
363
680
3651
4612
1138
8903
6203
5554
2048
7907
2754
6851
283
4732
4392
5569
4073
8492
8862
5127
8193
6001
4416
3210
9722
6811
6514
2291
5891
9180
9045
7967
4894
925
1422
5716
8185
3864
7577
8734
9058
2135
3934
3940
3571
9038
4739
4294
3815
1766
6303
5226
6881
8244
8986
5921
6892
8841
2133
2088
4899
1992
1041
5265
9572
9368
6473
7410
1901
5905
775
9176
2543
361
8780
5662
196
5291
779
27
5750
4295
2544
9443
7775
8670
9503
7308
3019
588
6745
1980
111
3016
9742
1123
7544
3679
2739
1485
9578
7415
8392
7566
7666
728
5079
9789
1540
5409
5459
8753
4222
2840
405
4469
7872
8685
2451
1292
9939
7787
4822
7407
3898
7901
9734
9061
2031
6948
7834
3291
7739
1759
9709
6036
7681
8883
7850
725
3465
9877
4895
8506
5512
5100
9081
8426
1086
1806
5715
5979
6569
4459
4126
2805
6435
9320
61
6087
9545
5522
8640
1920
7054
3269
3160
7409
9579
3325
7659
46
9836
4977
4187
6507
4183
4968
382
8542
9620
3112
4110
6592
1452
8719
5333
639
1847
9949
6384
4038
2573
5447
8253
5107
6783
4251
759
6138
9560
7871
8278
5329
8784
9419
4513
9302
299
5154
7237
2641
7942
9590
8370
9725
5612
6883
177
2582
5367
7615
4526
2047
2212
2247
9691
3142
5097
4474
4532
8233
5445
3977
9956
9964
3089
9139
2640
8996
2387
5568
6816
1717
6940
2226
8563
2859
8389
3356
9873
6320
4403
9431
9773
8235
7579
4771
9135
1380
3364
7713
3010
3168
6246
7796
8344
595
309
1407
4555
2895
4571
9147
4273
2659
7842
1430
5509
6541
6480
7804
2309
3946
2472
3441
1657
7294
5847
7625
8924
1677
5118
1976
8317
3872
3399
5819
8168
8515
1525
306
1979
7084
2385
2879
8569
6205
6848
4552
4787
7767
7520
40
370
2723
6030
650
8548
572
2482
9707
6700
3391
981
7307
5299
1805
3066
6583
6543
8885
3830
1331
2589
1844
4438
9019
4928
4597
8671
1518
1682
8431
9085
9782
4358
4243
5382
710
7558
6256
7227
6976
9172
2200
5399
5152
7401
1442
1843
8634
5381
2649
172
6323
2308
1641
9092
4320
4299
6376
322
5043
2122
4497
767
349
9212
4318
8993
9255
3301
2091
5149
484
9129
7438
5961
6275
8402
8218
8133
8738
8874
4599
9076
4801
3046
3340
1612
4091
4710
289
166
3658
7369
5630
3753
6104
6979
1294
5971
6738
8020
8328
5975
5302
2652
5930
739
7172
377
9880
7594
1261
4724
9053
960
5006
7479
9134
4453
52
8063
9020
3960
1738
9435
6786
2674
1987
686
9280
6536
8705
9006
6037
7753
9973
1939
7068
6973
5583
4814
8713
5987
8848
1290
331
9690
164
8870
3971
4756
5604
3367
7549
9219
8645
8198
1623
3575
1736
2360
7396
1633
8450
7284
3654
4327
3452
5190
9814
9885
877
7116
3064
9230
8187
7816
1523
5251
9817
5866
4577
4296
2901
950
8865
2808
1082
4569
1628
7092
1761
1109
4329
7846
9500
4317
8001
4093
9852
1946
8950
1198
5778
6387
7545
3508
6678
252
6218
5372
2384
1904
2140
7565
5877
2210
5130
411
5931
8896
6766
5114
6312
344
9127
2423
2504
2813
5843
3448
8037
6763
6461
5770
3153
881
750
1646
8335
7078
7017
2842
5163
4287
3556
6308
9815
3802
3197
8240
6396
8280
2099
6898
8237
2563
6716
5958
5941
2436
9570
8944
7316
6866
2716
2625
2391
9632
5270
4035
8303
1271
5529
4362
8081
9340
8790
4373
3433
8650
6713
4935
3348
8010
1579
6341
3480
6922
3817
4095
536
4858
4419
3256
4618
6368
8125
3807
4143
7623
2327
9935
2260
9274
6969
2070
4008
9896
7385
1393
2827
3157
2752
3460
7203
7255
8150
3687
420
6588
313
1596
4377
9012
7506
4982
6901
1494
4686
1262
6515
4785
4995
6906
5782
965
3485
3121
8953
9236
2969
6880
8490
351
9266
8768
6513
3166
4680
2934
3483
711
9595
5616
7861
2002
39
957
6520
9395
6724
256
2349
7063
9235
5587
912
186
2847
846
4158
9052
8027
3355
7361
8434
4266
652
555
3216
6753
7855
770
1436
5688
9429
8077
975
3643
3727
622
8214
6888
3338
1850
2414
8551
7664
3134
658
4420
6003
4885
5352
2303
8095
6484
2350
3579
3647
1405
7476
6698
5080
1639
2253
423
8210
4908
6331
3926
8254
9375
452
5760
2766
1392
3959
4880
9436
8895
2318
9904
9198
9328
5712
2322
736
404
592
6080
7189
1410
3993
5218
5317
8876
215
2741
8130
2144
2745
9001
7867
9477
4582
237
6348
3304
6506
5263
5490
8222
5436
9905
4813
139
9592
7696
2218
1054
4245
4138
8805
4398
3409
1858
2866
2055
1914
9916
6065
9573
8995
2041
4845
4929
2343
2028
4258
8051
6691
5287
7830
5784
4516
154
5260
7662
4883
1747
257
9643
7262
4452
4926
301
2302
6991
6621
8404
1953
7380
8773
2750
7630
187
5425
8160
5117
1732
5207
8397
4428
2361
4832
8861
8156
3455
7427
938
426
5542
8457
8306
5234
2371
837
2556
2691
3831
5098
136
1202
4099
7430
2825
8695
6846
9688
1068
4219
7679
2528
6247
9459
6619
911
7216
5738
6876
5769
8762
3626
9984
6674
2217
9262
4105
1496
106
9140
5125
4520
4044
1438
8657
8828
8774
751
8251
4750
5876
2096
2293
4713
9270
1126
1659
448
4723
6537
5140
2769
9812
8550
7156
8801
8518
2370
5743
7014
1517
4766
9526
1907
7508
3924
1375
8243
9841
1825
7703
3461
8164
3706
2677
1266
9914
5656
4643
4970
3827
7930
8693
88
1003
2554
7136
2100
3320
5511
4870
8028
9619
4518
8355
9300
9666
2506
5966
4866
2147
9288
82
8103
6448
7929
189
7400
1538
6784
2003
1236
6838
6478
9404
1456
121
5075
9036
9335
8539
1024
4244
3534
851
8096
5056
7788
4437
9862
6801
2788
6602
410
544
9191
6192
150
6914
9110
5030
241
8573
3980
553
7304
2536
9183
3497
7514
8522
4817
1990
1831
1882
424
290
7761
2900
9548
5974
7774
9621
2427
4685
9382
2076
6102
904
1912
6956
2737
944
1613
462
6010
2126
1851
8881
2444
4220
1129
3114
7736
2012
1141
2480
2730
5689
3339
8976
6775
2828
5611
4736
6076
607
2143
1435
7697
4954
4816
1461
9883
3164
2174
4774
4071
5061
1229
7526
3516
5199
3604
233
6142
4656
44
1149
1200
9508
9799
6373
5513
9484
4564
465
6601
4391
6360
6829
8918
6711
2549
3075
4957
6635
8831
633
5424
1385
2685
7375
4462
8690
4097
6277
1220
5674
748
3138
1312
3246
9446
72
98
6910
1337
8792
1218
6690
6733
2152
4721
9912
9196
5256
9851
9759
9348
8752
1818
7779
682
669
1415
7706
744
2913
4534
4019
7798
921
3937
1879
7935
3632
3407
4824
3799
4020
1508
4716
8050
6438
8878
5429
2662
1684
6254
8818
3268
1437
3694
6077
8747
7231
6227
7629
8310
7968
7525
7820
7541
9261
8504
9220
3953
7419
9166
2280
1022
1356
1512
6808
4637
7183
9106
2433
8415
30
5345
9285
7533
8111
1543
3167
1735
6845
7978
3470
7581
2926
4321
3800
6355
2050
9298
9498
5210
8910
4054
5592
7249
8946
2354
3165
4959
5209
1749
644
538
3752
263
9094
2213
3078
1063
7515
518
2557
41
6793
1675
8843
2443
8212
4737
6114
3464
8508
3213
7973
8452
722
5585
4887
6800
9519
7372
8201
5309
4354
1183
2824
8999
8591
1104
1227
8083
5797
6512
1973
3427
5980
132
507
3178
4560
9000
8571
476
7371
9596
4679
8819
8718
5068
7819
7064
9588
5064
6400
4456
8980
4924
6938
8499
4889
74
968
8751
2774
817
3236
648
3871
2498
32
9921
7513
6974
7260
8036
3965
4704
9705
5303
3328
4070
6823
2194
2306
1651
2537
2602
1849
5430
2018
9589
9115
762
5578
8234
2410
988
7778
5451
8767
5521
409
4388
5681
9156
9400
7023
4182
6847
326
5609
7362
6911
9718
9141
2938
119
6831
5827
4703
3143
3295
3162
4055
8826
2154
5038
5589
6598
6963
286
6862
4431
6548
1270
852
684
8598
4973
7283
7391
7145
2417
1617
3703
1264
3056
8448
3739
5340
1092
3740
6472
7457
1536
6425
271
2087
3712
8216
3842
8537
663
4543
1709
96
9937
3615
9423
3695
8262
3233
8226
6251
7268
7694
1263
9466
229
1823
414
9895
1981
5419
330
3768
443
5870
243
5516
9653
5452
7890
7292
8703
3794
5386
8554
3637
4328
5771
3662
6415
3844
5710
1156
1441
575
3179
9711
3881
5874
906
2492
279
4843
6419
4036
1780
4978
6701
7762
173
966
4611
4609
5588
2441
4366
635
5438
5752
7903
22
8532
4903
5001
1588
9819
5812
2681
1146
2942
8311
835
329
9792
1351
6833
8689
5094
6556
9825
2095
2171
8022
7126
6293
6282
7106
9795
4915
1406
4547
721
7443
2714
7773
7219
8621
3692
373
9754
679
8560
623
2372
9858
7555
3101
9990
551
8113
571
8656
3642
7530
4014
99
2289
4202
4221
723
3769
5548
685
2024
388
3858
2438
9566
9023
5037
2187
6908
8266
5733
3783
7233
5346
3254
4639
5249
2026
6895
7370
962
999
8712
8301
7624
1595
350
2707
1965
1897
8567
2397
629
1102
8823
6261
3850
9965
4810
943
7033
1569
3582
3416
5993
5403
6170
9337
7531
1347
1692
3873
961
7188
6044
4306
580
8180
737
918
9774
8491
9272
9796
4234
3373
1866
2209
3670
7633
2235
9207
8481
8529
7413
109
4696
6377
6059
6141
450
1580
4955
6383
6817
8595
4584
4983
8338
7373
9022
6919
1457
3715
2647
1906
6554
8613
573
8472
2222
3051
6736
6125
5907
1064
7606
796
4464
8758
3043
3803
5385
768
6614
4309
1742
250
562
6151
6933
861
7925
8369
6450
937
1177
6875
3756
2216
7876
7287
2612
3124
8388
8057
8809
227
6693
3981
7808
1023
4288
2622
7460
816
7591
6709
7021
6498
8528
727
5945
1524
2485
8466
6591
527
4642
565
677
5800
8756
3879
823
4847
6580
1510
7941
4666
7342
3595
9467
2478
4839
7096
9730
1712
4761
4024
2512
9639
615
5136
659
520
8110
7386
4708
1093
4080
7792
4167
394
380
9306
2958
9818
7480
8952
6797
830
5878
5384
9539
3610
4349
9898
3788
3991
4753
9716
7038
7527
870
8304
6085
8574
6834
9217
6723
5636
2841
7823
9521
902
3905
2758
4572
8456
5324
376
9925
147
3477
5665
4820
7921
2186
1929
3463
9412
643
9948
3341
6508
4793
5839
4660
7562
3811
9731
7279
671
209
8728
3080
2023
3180
318
7626
7501
60
471
7585
4581
4871
1245
4171
9820
468
2336
5004
9334
9712
5936
2098
2243
7509
1231
7693
4168
9215
5335
2116
3094
391
3303
7743
2345
6051
1077
2983
1462
7677
6913
5262
3196
5773
9014
3525
7001
8165
6357
5135
6754
6239
7393
8666
2493
834
3050
4669
2136
552
1834
7207
8547
1277
9153
2240
8850
917
7815
7129
5723
7176
8061
3326
8618
7381
7622
5729
4592
4164
4068
1204
1643
4421
7056
8038
2844
5582
2013
7094
8403
4759
134
6585
1971
5254
1148
369
1284
4434
6116
714
1283
7069
3289
6166
8538
4475
2985
105
7583
9188
4876
5503
6545
761
5211
8860
971
7835
7817
7963
4261
7750
3523
747
4471
354
7897
7812
6466
7141
1997
7149
8197
4482
5132
1629
1777
169
7731
5294
1690
2729
6352
4641
4196
4531
7943
8730
746
1151
4157
6177
2539
428
4985
8916
5394
9224
8961
8888
6573
1751
4125
4738
182
1016
6483
87
814
2893
7922
845
9299
1291
2950
2067
3710
4951
8446
1366
8637
9490
266
2852
7229
4510
2486
2257
8546
4096
1663
2899
7845
5259
6296
6228
360
6504
6805
6318
4290
7616
3443
1620
6920
4886
5022
2001
9642
4037
7073
9338
8184
729
3736
1810
5736
8119
9273
2921
1964
5600
8288
3907
7052
7201
4368
1319
531
649
6965
8128
1065
1765
4608
2017
6411
2484
2579
3375
3738
3809
4891
5081
9271
5581
473
6417
499
9414
7900
8906
3249
9555
2686
4215
3012
2547
6161
801
760
1927
4893
9079
8078
8368
5708
2434
7608
8215
1664
5507
5562
2639
7785
5433
690
7960
302
6006
9186
5480
9834
3312
4134
1308
2753
8761
1621
1568
7025
213
2307
7441
6937
6317
8648
4053
7264
1893
1374
9143
5871
1586
9010
1171
5556
2854
1892
3767
2869
924
203
6153
6987
6305
6490
7306
6119
8707
7075
4528
2102
626
4274
2864
7902
1073
3920
1776
4503
1949
9439
5472
9070
5601
1885
6997
5653
3217
6622
3490
425
628
2395
9154
6463
4846
2008
5964
4842
1394
4346
3645
9975
3491
6215
1378
8962
2949
1039
2511
1233
3657
5928
455
3558
2663
7556
9919
4620
4784
4338
9950
984
1214
631
2006
6958
2668
5161
2829
2814
6316
5243
8324
293
6278
2052
6336
8731
1656
2033
5471
9915
2846
4868
8633
4322
803
1428
6710
6777
432
2287
2703
2347
3275
463
6107
5745
5672
6434
7329
3655
4137
2834
8225
1655
9945
3266
4417
3546
3510
2853
6040
8118
3184
1048
6735
4678
5951
3973
1645
5318
4700
1511
9680
7916
5496
6233
7016
5072
9613
3004
3639
9801
8082
6330
3342
7800
9829
8062
6566
345
5777
7202
7729
909
3377
7187
9960
5461
4336
3749
7314
4308
242
2269
9684
9509
8935
4861
4720
2244
7597
4340
5657
9104
2997
2368
930
1014
3600
7434
8245
6035
5028
5663
7699
399
5469
429
899
2882
1439
469
480
7310
311
8610
2376
6768
8122
4454
6998
1888
3185
2320
4792
7352
1913
2520
798
2207
9371
3681
4654
1208
3592
2688
1706
3630
5523
6872
7682
3561
1514
5323
3302
1756
3369
8325
1537
9946
3410
5661
5775
3808
9628
1708
8754
7175
2586
4550
2230
8437
9762
145
6609
8358
4252
6053
1546
8464
303
3890
3293
7836
3361
6874
5189
6253
2093
2083
460
675
3576
6347
7076
2962
390
2736
2245
9783
1758
6216
4484
5245
8582
9827
5967
273
4588
3151
2787
3169
2166
268
6223
9675
4016
6565
795
1637
2603
8796
821
5896
8783
5246
197
7158
1408
7919
2386
9138
8930
1295
3126
7873
6358
1386
4280
1711
5462
5996
4493
8488
5621
1084
9406
1466
2338
9164
212
3691
7658
2185
9697
9427
5731
2365
1150
3155
6663
5932
4910
7914
1554
873
6795
1816
8594
2211
205
3972
9541
9460
7061
4743
6957
8255
6887
5095
9679
2316
2233
6761
3154
6669
7245
7454
3430
5018
8276
4794
3257
9260
7323
4178
8444
6810
9882
5167
7193
954
8177
5851
1018
1768
697
4378
1179
1373
3878
7047
756
6814
7335
9933
9977
6111
6325
8524
7133
5398
2476
7082
9626
2202
9103
540
4470
8867
9128
7253
5985
5655
11
2713
3130
8991
8334
3785
6231
6567
7098
7683
694
1605
1181
4371
168
9978
4477
4017
9736
2175