1000
569
897
807
983
825
441
597
98
604
765
235
311
298
603
599
263
330
665
326
320
927
643
518
601
42
396
620
645
796
891
798
240
506
492
72
190
638
143
770
179
562
6
895
262
520
4
63
134
901
657
623
963
168
292
732
672
574
526
253
456
718
903
455
793
817
896
679
584
935
517
446
443
536
422
549
804
276
313
64
370
476
322
736
315
754
348
280
171
267
772
814
913
842
219
964
514
797
471
229
115
967
355
236
442
254
907
325
346
334
33
585
576
299
71
812
18
709
968
699
56
572
873
932
660
766
88
464
729
264
780
818
721
739
594
57
105
123
485
988
863
872
931
94
794
162
137
636
746
290
608
971
159
101
957
677
186
786
449
319
595
995
813
687
899
55
482
323
379
432
764
398
151
686
784
139
787
646
336
852
431
277
487
357
136
633
291
278
788
25
760
982
194
860
302
363
498
958
555
220
27
884
631
882
856
242
48
390
351
77
318
177
653
737
29
328
345
878
726
535
980
158
865
9
973
375
719
561
67
577
800
339
228
246
394
703
368
748
981
493
987
711
209
951
484
751
744
112
92
625
824
692
580
635
637
185
401
656
337
819
552
257
85
38
977
274
164
651
427
459
69
705
196
611
571
421
135
806
810
407
232
102
469
592
467
725
944
83
75
212
663
874
103
189
10
205
496
80
809
741
769
898
200
191
723
910
261
742
312
248
755
497
543
781
373
256
655
79
140
187
175
216
231
457
771
413
378
97
465
747
358
271
17
12
955
565
100
627
8
495
270
397
405
317
661
693
367
35
547
251
141
321
32
919
362
847
828
152
857
698
272
724
2
70
47
391
591
861
301
606
785
745
380
181
439
113
504
685
690
700
984
701
632
680
820
876
250
835
525
644
188
225
990
324
720
458
416
979
204
658
559
731
402
904
61
26
167
418
78
994
911
849
150
304
960
509
7
815
163
425
870
946
128
354
342
954
462
972
335
722
241
420
451
62
153
516
706
775
707
283
193
583
961
866
846
50
224
839
683
758
343
383
551
233
176
783
500
155
619
237
892
928
118
39
704
843
912
533
613
844
513
641
616
989
109
192
676
332
975
630
385
203
965
117
717
360
195
845
244
124
949
178
371
213
423
548
281
750
557
803
854
763
119
426
14
145
869
95
908
610
840
689
273
73
293
921
974
444
43
532
114
202
259
777
144
68
802
593
282
447
801
556
734
452
688
959
198
999
377
969
519
60
110
886
920
182
410
992
621
768
694
945
563
864
664
512
773
681
409
316
129
947
805
855
937
667
361
568
30
374
728
173
716
108
31
340
294
350
534
210
376
879
649
542
28
437
628
753
740
121
924
501
395
491
13
303
21
399
20
922
365
51
714
486
648
925
49
998
730
400
502
970
936
715
507
166
223
662
349
756
415
867
674
779
713
149
985
494
588
287
629
260
808
940
125
45
915
510
411
986
821
978
776
76
230
589
938
918
3
848
675
917
165
388
305
331
836
524
461
1000
541
372
887
419
434
393
851
841
527
953
440
530
767
206
107
697
169
956
297
823
130
436
521
829
528
902
81
53
727
197
909
545
489
52
404
286
483
923
341
184
74
408
894
566
243
66
759
926
221
712
523
265
934
943
214
344
634
247
639
269
702
976
24
682
453
239
617
36
424
429
590
387
382
816
564
308
430
529
255
659
862
295
962
871
906
996
782
146
384
285
122
515
710
120
684
822
65
880
59
5
834
537
450
691
826
466
1
853
546
733
883
353
54
366
791
868
82
993
133
157
950
991
406
939
544
84
16
174
352
596
933
893
211
46
381
881
226
612
234
508
356
201
622
670
738
412
475
207
306
154
696
522
941
647
668
540
615
428
888
838
654
172
850
460
245
792
539
156
558
966
752
142
948
582
132
795
289
183
288
104
650
499
952
37
389
905
309
600
678
550
87
279
602
111
609
889
454
180
403
127
238
296
215
560
258
126
749
392
138
618
790
268
900
942
757
478
435
472
930
531
833
300
284
106
916
414
799
19
474
832
11
275
161
554
477
598
222
578
626
470
708
858
481
438
147
762
553
364
473
640
830
463
131
148
652
503
831
199
624
93
170
811
417
735
359
347
875
837
505
22
581
369
877
575
695
885
914
570
338
642
614
605
252
587
227
23
327
34
249
586
15
538
929
314
607
218
511
86
671
488
666
333
997
490
386
90
445
579
44
567
217
669
774
99
40
89
789
329
41
480
743
58
468
890
91
116
479
160
673
448
761
859
573
208
310
827
778
96
266
307
433