1000
883
491
198
44
718
212
573
39
833
293
794
171
167
8
729
791
343
148
936
527
467
532
521
152
578
1
249
610
168
803
637
976
219
847
801
226
910
583
59
465
248
555
391
430
556
832
655
296
997
692
242
522
388
812
777
714
645
593
829
676
137
423
271
874
479
268
807
472
744
136
737
963
475
962
246
898
22
109
658
819
749
856
979
616
439
501
989
970
426
626
448
881
795
205
78
609
982
509
851
668
977
301
858
920
321
775
14
781
617
358
574
188
902
923
70
389
496
407
267
102
761
27
827
489
510
229
941
19
64
251
695
215
334
470
155
552
451
288
519
240
685
30
924
447
896
118
357
28
940
181
455
197
484
328
471
302
900
312
697
987
415
949
547
914
967
788
485
93
704
538
514
25
474
416
310
537
654
26
842
18
345
776
844
142
727
243
349
85
309
298
411
190
904
204
699
96
371
756
6
891
347
876
270
318
526
911
492
701
929
139
826
477
33
159
73
147
180
850
11
144
365
894
644
541
333
429
539
224
7
410
789
227
717
723
928
412
238
84
772
232
591
81
811
394
38
356
235
622
283
316
784
24
202
972
420
478
99
653
75
250
236
638
741
774
909
567
173
861
169
628
166
468
867
683
748
639
990
372
768
66
667
865
456
434
575
696
825
633
178
535
711
715
208
640
116
324
487
785
62
5
60
960
340
413
971
337
135
294
67
549
834
369
946
814
119
713
624
529
566
331
10
985
287
557
320
974
623
399
598
677
476
34
308
802
824
368
380
839
263
462
128
599
595
554
652
798
50
313
48
926
157
378
124
69
52
45
106
754
338
799
383
103
899
214
927
659
605
154
882
981
769
129
165
31
725
579
694
176
747
216
885
621
592
61
619
322
192
344
581
632
735
991
548
56
199
194
304
650
421
486
443
230
393
225
108
174
445
419
651
705
435
836
999
783
355
341
326
500
164
691
170
752
300
646
568
303
306
828
688
327
133
687
786
571
745
359
542
65
582
762
498
890
113
551
98
597
97
379
431
635
323
845
517
41
837
80
800
892
90
307
231
649
272
780
273
740
395
820
956
647
112
177
408
736
442
444
239
953
957
873
887
361
770
906
759
23
700
707
678
878
636
823
134
276
131
995
779
739
978
233
950
12
463
398
585
123
291
450
994
473
872
274
615
189
565
932
162
55
893
20
531
241
753
422
360
986
841
613
983
483
930
760
618
792
104
853
905
295
336
968
778
504
530
145
708
281
130
43
140
35
877
193
237
466
855
16
600
264
265
516
348
221
939
686
806
606
724
984
572
401
218
158
111
317
763
499
662
206
201
315
105
195
660
710
209
536
922
560
37
901
969
580
207
553
364
459
758
843
127
203
993
40
461
947
269
540
576
92
959
742
528
260
247
9
278
525
631
404
813
964
895
262
234
311
480
773
51
511
973
46
589
601
495
716
403
255
602
185
871
917
738
506
409
367
689
679
252
512
121
846
87
755
387
446
764
665
86
390
912
351
943
449
497
757
460
674
805
286
279
954
620
502
83
945
493
587
350
816
79
562
353
673
577
256
657
889
771
809
396
709
289
666
94
223
681
335
285
362
77
200
156
934
952
342
864
607
458
734
808
220
818
114
603
297
244
314
558
524
629
586
731
672
72
641
815
866
604
766
54
290
488
648
848
670
160
374
117
275
518
875
32
339
146
793
354
965
570
787
163
733
392
376
457
520
611
266
436
751
702
661
596
821
182
996
196
627
722
897
151
453
36
634
903
120
569
728
543
76
107
838
280
822
955
254
57
74
222
161
210
153
385
68
942
245
671
191
534
869
183
564
494
515
933
257
125
870
533
432
840
373
427
88
417
750
150
126
149
433
464
544
523
693
377
138
684
918
63
381
277
346
370
503
437
630
907
680
614
860
508
15
228
590
172
325
186
817
352
187
559
642
13
143
213
469
915
664
944
366
405
743
584
3
71
424
397
258
253
115
305
797
2
608
319
690
363
958
217
175
17
975
414
656
91
703
42
292
988
95
400
852
961
726
948
643
386
141
184
100
682
625
830
545
925
880
440
921
418
211
810
879
998
854
382
49
550
931
1000
47
746
21
937
804
612
888
259
669
82
406
859
919
698
89
490
980
299
482
886
282
765
332
29
767
402
179
835
732
507
849
663
588
546
790
561
428
375
53
261
284
110
563
719
132
330
438
101
58
908
452
721
4
513
594
913
481
916
505
706
935
938
884
951
992
441
720
831
712
675
868
796
730
454
122
782
966
862
425
857
329
863
384